time , lin_pos[m] , euler_rpy[deg] , foot1_pos[m] , foot2_pos[m] , foot3_pos[m] , foot4_pos[m] , foot1_F[N] , foot2_F[N] , foot3_F[N] , foot4_F[N] , foot1_contact , foot2_contact , foot3_contact , foot4_contact 
0,   0    0 0.42,0 0 0,0.34 0.19    0, 0.34 -0.19     0,-0.34  0.19     0,-0.34 -0.19     0,-14.4452  4.76092  299.238,-196.473  56.6917  594.588, 12.206 11.0123 249.039,-24.7683  36.6978  299.928
0.01,-0.000355915  0.000188931     0.421832,-0.0584905 -0.0328737 -0.0494681,0.34 0.19    0, 0.34 -0.19     0,-0.34  0.19     0,-0.34 -0.19     0,5.55481 2.06255 64.9711,-185.883  52.9285  611.895,32.2744 26.4696 29.4183,-18.7341  27.2111  345.048
0.02, -0.0013321 0.000772074    0.426836,-0.227722 -0.125216 -0.186844,0.34 0.19    0, 0.34 -0.19     0,-0.34  0.19     0,-0.34 -0.19     0, 16.2616  6.57617 -126.361,-158.14 43.0046 646.902, 43.1722  49.3993 -152.187,-2.6344 3.45087 451.909
0.03,-0.0027912 0.00177395   0.434277,-0.498337  -0.26761 -0.395583,0.34 0.19    0, 0.34 -0.19     0,-0.34  0.19     0,-0.34 -0.19     0, 19.3869  16.5083 -276.588,-119.286  28.9686  674.234, 46.5893  77.2795 -296.503, 20.5266 -27.5331  577.758
0.04,-0.00459589  0.00321909    0.443418,-0.860974 -0.450638 -0.659143,0.34 0.19    0, 0.34 -0.19     0,-0.34  0.19     0,-0.34 -0.19     0, 16.6424  30.0654 -387.542,-75.3622  12.8691  668.516,  44.216  107.588 -404.255, 47.7447 -58.6909  679.846
0.05,-0.00660882  0.00513201    0.453523, -1.30627 -0.664881  -0.96098,0.34 0.19    0, 0.34 -0.19     0,-0.34  0.19     0,-0.34 -0.19     0, 9.73978  45.4539 -461.052,-32.4106 -3.24535  604.374, 37.7421  137.804 -476.171, 76.0156 -82.9727  715.419
0.06,-0.00869264  0.00753724    0.463857, -1.82488 -0.900923  -1.28455,0.34 0.19    0, 0.34 -0.19     0,-0.34  0.19     0,-0.34 -0.19     0,0.390835  60.8804  -498.95, 3.52722 -17.3261  456.434,  28.858  165.404 -512.975, 102.335 -93.3287  641.728
0.07, -0.01071 0.0104593  0.473682,-2.40743 -1.14935 -1.61331,0.34 0.19    0, 0.34 -0.19     0,-0.34  0.19     0,-0.34 -0.19     0,-9.69274  74.5514 -503.066, 27.0565 -27.4864  211.095, 19.2536  187.868 -515.395, 123.764 -84.4207  430.536
0.08,-0.0125236  0.0139227   0.482264,-3.04456 -1.40073 -1.93072,0.34 0.19    0, 0.34 -0.19     0,-0.34  0.19     0,-0.34 -0.19     0,-18.7992  84.6733 -475.231, 42.3347 -34.3896  3.55751, 10.6192  202.672 -484.156, 139.043 -73.5403  240.472
0.09,-0.013996  0.017952  0.488865,-3.72693 -1.64566 -2.22023,0.34 0.19    0, 0.34 -0.19     0,-0.34  0.19     0,-0.34 -0.19     0,-25.2169  89.4526 -417.275, 51.5017 -38.5315 -120.965, 4.64466  207.296 -419.984, 148.21 -67.012 126.434
0.1, -0.01499 0.0225717   0.49275,-4.44516 -1.87472 -2.46531,0.34 0.19    0, 0.34 -0.19     0,-0.34  0.19     0,-0.34 -0.19     0,-27.2341  87.0959  -331.03, 54.5573 -39.9122 -162.473, 3.02025  199.217 -323.606, 151.265 -64.8359  88.4212
0.11,-0.0154029   0.027784   0.493381,-5.19008  -2.0788 -2.65089,0.34 0.19    0, 0.34 -0.19     0,-0.34  0.19     0,-0.34 -0.19     0, -23.139  75.8096 -218.325, 51.5017 -38.5315 -120.965, 7.43603  175.914 -195.749, 148.21 -67.012 126.434
0.12,-0.0152711  0.0335017   0.491022,-5.95328  -2.2501 -2.76792,0.34 0.19    0, 0.34 -0.19     0,-0.34  0.19     0,-0.34 -0.19     0,-11.2199  53.8002 -80.9924, 42.3347 -34.3896  3.55751, 19.5821  134.864 -37.1368, 139.043 -73.5403  240.472
0.13,-0.014666 0.0396159  0.486134,-6.72651  -2.3811 -2.80881,0.34 0.19    0, 0.34 -0.19     0,-0.34  0.19     0,-0.34 -0.19     0,10.2349 19.2743 79.1385, 27.0565 -27.4864  211.095,41.1486 73.5457 151.503, 123.764 -84.4207  430.536
0.14,-0.0136591  0.0460172    0.47918,-7.50154 -2.46431 -2.76599,0.34 0.19    0, 0.34 -0.19     0,-0.34  0.19     0,-0.34 -0.19     0, 36.1525 -21.7133  241.392, 9.02848 -18.9134  439.786,  67.3207 -0.927062   344.799, 103.029 -94.3562   633.33
0.15,-0.0123217  0.0525967   0.470621,-8.27012 -2.49223 -2.63188,0.34 0.19    0, 0.34 -0.19     0,-0.34  0.19     0,-0.34 -0.19     0, 46.9114 -46.1035  347.725,-1.71166 -12.1034   511.47, 79.2947 -59.4227  467.804, 79.8856 -88.7068  668.555
0.16,-0.0107251   0.059245   0.460921,-9.02403 -2.45734  -2.3989,0.34 0.19    0, 0.34 -0.19     0,-0.34  0.19     0,-0.34 -0.19     0, 44.0457 -55.1166  402.272,-6.20358  -7.0864  459.221, 78.5052 -101.339  526.084, 56.4631 -71.6085  574.271
0.17,-0.00894072    0.065853     0.45054,-9.75501 -2.35217 -2.05948,0.34 0.19    0, 0.34 -0.19     0,-0.34  0.19     0,-0.34 -0.19     0,30.8146 -51.961 414.075,-6.36283 -3.61497  332.494, 68.0391 -128.468  531.603, 34.7622 -48.6252  405.375
0.18,-0.00703995   0.0723117    0.439943,-10.4548 -2.16919 -1.60603,0.34 0.19    0, 0.34 -0.19     0,-0.34  0.19     0,-0.34 -0.19     0, 10.4771 -39.8452  392.179,-4.10495 -1.44171  180.745, 50.9832 -142.604  496.324, 16.7839 -25.3202  216.766
0.19,-0.00509415   0.0785117     0.42959,-11.1153 -1.90091 -1.03099,0.34 0.19    0, 0.34 -0.19     0,-0.34  0.19     0,-0.34 -0.19     0,-13.7077 -21.9776  345.628,  -1.3455 -0.319191   53.4288, 30.4245 -145.539  432.209, 4.52951 -7.25732  63.3411
0.2,-0.00317469    0.084344    0.419944, -11.7281  -1.53983 -0.326762,0.34 0.19    0, 0.34 -0.19     0,-0.34  0.19     0,-0.34 -0.19     0,-38.4808 -1.56675  283.468,-1.42109e-14  8.88178e-15  9.09495e-13, 9.44971 -139.066  351.222,          0 5.68434e-14 1.36424e-12
0.21,-0.00131995   0.0897208    0.411399,-12.2853 -1.08329  0.50676,0.34 0.19    0,    0.34086   -0.189637 0.000710017,-0.34  0.19     0,  -0.339099   -0.189471 0.000990799,-60.5831  18.1789  214.743,0 0 0, -8.8543 -124.978  265.326,0 0 0
0.22,0.000562704   0.0946398    0.404073, -12.7802 -0.548053   1.43988,0.34 0.19    0,  0.343375  -0.188579 0.00274213,-0.34  0.19     0, -0.336469  -0.187915 0.00382653,-76.7556  34.0508  148.496,0 0 0,-21.4007 -105.068  186.483,0 0 0
0.23,0.00259846  0.0991203   0.398017, -13.2063 0.0442979   2.43546,0.34 0.19    0,  0.347451  -0.186873 0.00594945,-0.34  0.19     0, -0.332215  -0.185382 0.00830221,-83.7392  42.8405  93.7721,0 0 0,-25.1026 -81.1286  126.658,0 0 0
0.24,0.0049125  0.103181  0.393282,-13.5572 0.672163  3.45634,0.34 0.19    0, 0.352993 -0.184566 0.0101851,-0.34  0.19     0,-0.326445 -0.181918 0.0142128,-78.2748  41.3396  59.6162,0 0 0,-16.8732 -54.9533  97.8124,0 0 0
0.25,0.00763001   0.106842   0.389919,-13.8264  1.31395  4.46538,0.34 0.19    0, 0.359907 -0.181704 0.0153021,-0.34  0.19     0,-0.319266 -0.177573 0.0213534,-57.1034  26.3395  55.0724,0 0 0, 6.37433 -28.3348   111.91,0 0 0
0.26,0.0108762  0.110122  0.387979,-14.0075  1.94805  5.42543,0.34 0.19    0, 0.368096 -0.178334 0.0211536,-0.34  0.19     0,-0.310786 -0.172394  0.029519,-16.9659 -5.36814  89.1851,0 0 0, 47.7269 -3.06594  180.914,0 0 0
0.27,0.0147762  0.113039  0.387513,-14.0941  2.55289  6.29933,0.34 0.19    0, 0.377467 -0.174502 0.0275927,-0.34  0.19     0, -0.30111  -0.16643 0.0385045, 42.8903 -54.7707  166.218,0 0 0, 107.71 18.9361 309.638,0 0 0
0.28,0.0194552  0.115614  0.388572,-14.0796  3.10685  7.04994,0.34 0.19    0, 0.387925 -0.170257 0.0344725,-0.34  0.19     0,-0.290347 -0.159729  0.048105, 92.8719 -95.8577  231.496,0 0 0,155.993 35.0278 415.451,0 0 0
0.29,0.0250385  0.117865  0.391206,-13.9576  3.58834  7.64012,0.34 0.19    0, 0.399374 -0.165644 0.0416462,-0.34  0.19     0,-0.278603  -0.15234 0.0581155,125.368 -121.88 270.034,0 0 0,185.037 45.3084 476.494,0 0 0
0.3,0.0316511  0.119812  0.395467,-13.7217  3.97578   8.0327,0.34 0.19    0,  0.41172  -0.16071 0.0489667,-0.34  0.19     0,-0.265985  -0.14431  0.068331, 142.725 -134.886  285.576,0 0 0,197.518 50.5651 499.087,0 0 0
0.31,0.0393787  0.121475  0.401352,-13.3685  4.25318  8.20063,0.34 0.19    0, 0.424868 -0.155502 0.0562872,-0.34  0.19     0,-0.252601 -0.135687 0.0785464, 147.291 -136.927  281.867,0 0 0,196.111  51.585 489.545,0 0 0
0.32,0.0481461  0.122882  0.408648,-12.9066   4.4271  8.15714,0.34 0.19    0, 0.438722 -0.150066 0.0634608,-0.34  0.19     0,-0.238557 -0.126521 0.0885569, 141.412 -130.051  262.651,0 0 0,183.493 49.1554 454.186,0 0 0
0.33,0.0578381   0.12406  0.417088,-12.3478  4.50969  7.92556,0.34 0.19    0, 0.453189  -0.14445 0.0703406,-0.34  0.19     0, -0.22396 -0.116858 0.0981574, 127.435 -116.308  231.672,0 0 0,162.338 44.0634 399.328,0 0 0
0.34,0.0683393   0.12504  0.426407,-11.7038  4.51313  7.52924,0.34 0.19    0, 0.468173   -0.1387 0.0767798,-0.34  0.19     0,-0.208918 -0.106748  0.107143, 107.707 -97.7481  192.674,0 0 0,135.323 37.0964 331.288,0 0 0
0.35,0.0795345  0.125849   0.43634,-10.9864  4.44959  6.99149,0.34 0.19    0, 0.483579 -0.132863 0.0826313,-0.34  0.19     0, -0.193538 -0.0962389   0.115309, 84.5757 -76.4204  149.404,0 0 0,105.123 29.0414 256.384,0 0 0
0.36,0.0913081  0.126516  0.446619,-10.2072  4.33124  6.33565,0.34 0.19    0, 0.499313 -0.126986 0.0877483,-0.34  0.19     0, -0.177926 -0.0853783   0.122449, 60.3869 -54.3745  105.603,0 0 0,74.4138 20.6857 180.932,0 0 0
0.37,0.103545  0.12707  0.45698,-9.37801  4.17024  5.58506,0.34 0.19    0, 0.515279 -0.121114 0.0919839,-0.34  0.19     0, -0.162189 -0.0742147    0.12836, 37.488  -33.66 65.0186,0 0 0,45.8713 12.8165  111.25,0 0 0
0.38, 0.11613 0.127539 0.467156,-8.51057  3.97877  4.76304,0.34 0.19    0, 0.531383 -0.115297 0.0951912,-0.34  0.19     0, -0.146435 -0.0627964   0.132835,  18.226 -16.3264  31.3935,0 0 0, 22.171 6.22103 53.6561,0 0 0
0.39,0.128947 0.127952 0.476881,-7.6166 3.76899 3.89292,0.34 0.19    0, 0.547529 -0.109578 0.0972233,-0.34  0.19     0, -0.130771 -0.0511716   0.135671, 4.94765 -4.42318  8.47244,0 0 0,5.98871 1.68646 14.4669,0 0 0
0.4,0.141881 0.128337 0.485891,-6.70782  3.55308  2.99803,0.34 0.19    0, 0.563624 -0.104007 0.0979334,-0.34  0.19     0, -0.115304 -0.0393885   0.136662,          0 2.27374e-13           0,0 0 0,           0 -5.68434e-14 -4.54747e-13,0 0 0
0.41,0.154837 0.128719 0.493962,-5.79401  3.34117  2.09782,  0.341587   0.190513 0.00107736,  0.579964 -0.0984892  0.0971844,  -0.338135    0.191103 0.000968813,-0.0997601 -0.0272134   0.135555,0 0 0,0 0 0,0 0 0,0 0 0
0.42,0.167795 0.129102  0.50105,-4.87722  3.13535  1.19617,  0.346212   0.192012 0.00416084,  0.596813 -0.0929252  0.0950408, -0.332691   0.194315 0.00374162, -0.083878 -0.0144669   0.132385,0 0 0,0 0 0,0 0 0,0 0 0
0.43,0.180756 0.129487 0.507156,-3.95755  2.93567 0.293097,  0.353673   0.194439 0.00902753,  0.614026 -0.0873505  0.0916576, -0.323896   0.199488 0.00811799, -0.0677802 -0.00127831    0.127383,0 0 0,0 0 0,0 0 0,0 0 0
0.44, 0.19372 0.129874 0.512279, -3.03509   2.74217 -0.611373, 0.363768  0.197736 0.0154545,  0.631457 -0.0818005  0.0871897,-0.311979  0.206475 0.0138975,-0.0515895  0.0122232   0.120777,0 0 0,0 0 0,0 0 0,0 0 0
0.45,0.206686 0.130262 0.516419,-2.10995   2.5549 -1.51723, 0.376295  0.201845 0.0232189,   0.64896 -0.0763111  0.0817921,-0.297166  0.215129 0.0208796,-0.0354287  0.0259082   0.112796,0 0 0,0 0 0,0 0 0,0 0 0
0.46,0.219655 0.130651 0.519577,-1.18224  2.37393 -2.42445,  0.39105  0.206707 0.0320979,   0.66639 -0.0709177  0.0756197,-0.279686  0.225304  0.028864,-0.0194206  0.0396474    0.10367,0 0 0,0 0 0,0 0 0,0 0 0
0.47,0.232625 0.131041 0.521753,-0.25204  2.19929 -3.33303, 0.407833  0.212265 0.0418684, 0.683601 -0.065656 0.0688274,-0.259768  0.236851 0.0376501,-0.00368791   0.0533116   0.0936276,0 0 0,0 0 0,0 0 0,0 0 0
0.48,0.245599 0.131433 0.522947,0.680531  2.03104 -4.24294, 0.426441   0.21846 0.0523076,  0.700446 -0.0605616  0.0615703,-0.237638  0.249625 0.0470376,0.0116465 0.0667714 0.0828977,0 0 0,0 0 0,0 0 0,0 0 0
0.49,0.258574 0.131826 0.523158, 1.61537  1.86924 -5.15416, 0.446672  0.225234 0.0631927,  0.716782 -0.0556701  0.0540033,-0.213524  0.263477 0.0568259,0.0264598 0.0798975 0.0717095,0 0 0,0 0 0,0 0 0,0 0 0
0.5,0.271552  0.13222 0.522387, 2.55239  1.71393 -6.06669, 0.468322  0.232529 0.0743006,  0.732461 -0.0510172  0.0462813,-0.187655  0.278262 0.0668147,0.0406292 0.0925606 0.0602923,0 0 0,0 0 0,0 0 0,0 0 0
0.51,0.284532 0.132615 0.520634, 3.49148  1.56516 -6.98051, 0.491191  0.240286 0.0854086,  0.747339 -0.0466383  0.0385593,-0.160258  0.293831 0.0768035,0.0540319  0.104631  0.048875,0 0 0,0 0 0,0 0 0,0 0 0
0.52,0.297515 0.133012 0.517898, 4.43253  1.42297 -7.89561, 0.515075  0.248448 0.0962936,  0.761269 -0.0425692  0.0309923,-0.131561  0.310038 0.0865919,0.0665452  0.115981 0.0376868,0 0 0,0 0 0,0 0 0,0 0 0
0.53,0.310501  0.13341  0.51418, 5.37544   1.2874 -8.81194,0.539772 0.256956 0.106733,  0.774105 -0.0388455  0.0237352,-0.101793  0.326735 0.0959793,0.0780462  0.126479 0.0269569,0 0 0,0 0 0,0 0 0,0 0 0
0.54,0.323491 0.133809 0.509479, 6.32008  1.15847 -9.72946,0.565081 0.265752 0.116503,  0.785703 -0.0355027  0.0169429,-0.0711802   0.343777   0.104765,0.0884122  0.135997 0.0169143,0 0 0,0 0 0,0 0 0,0 0 0
0.55,0.336482  0.13421 0.503795, 7.26633  1.03623 -10.6481,0.590799 0.274778 0.125382,  0.795916 -0.0325765  0.0107705,-0.0399515   0.361014    0.11275,0.0975203  0.144405 0.0077881,0 0 0,0 0 0,0 0 0,0 0 0
0.56,0.349477 0.134611 0.497129,  8.2141 0.920714 -11.5679,0.616723 0.283975 0.133147,  0.804599 -0.0301025 0.00537287,-0.00833459    0.378302    0.119732,    0.105248     0.151575 -0.000192535,0 0 0,0 0 0,0 0 0,0 0 0
0.57,0.362474 0.135013  0.48948, 9.16325 0.811954 -12.4888,0.642651 0.293286 0.139574,   0.811606  -0.0281162 0.000904966,0.0234427  0.395491  0.125511,   0.111472    0.157376 -0.00679851,0 0 0,0 0 0,0 0 0,0 0 0
0.58,0.375473 0.135416 0.480848, 10.1137 0.709986 -13.4108,0.668382 0.302652  0.14444,   0.816792  -0.0266534 -0.00247824,0.0551525  0.412436  0.129888,  0.116069    0.16168 -0.0118007,0 0 0,0 0 0,0 0 0,0 0 0
0.59,0.388475  0.13582 0.471234, 11.0653 0.614847 -14.3337,0.693712 0.312016 0.147524,   0.82001 -0.0257496 -0.0046218,0.0865669   0.42899  0.132661,  0.118918   0.164357 -0.0149701,0 0 0,0 0 0,0 0 0,0 0 0
0.6,0.401478 0.136224 0.460637, 12.0179 0.526572 -15.2576, 0.71844 0.321317 0.148601,   0.821115  -0.0254404 -0.00537076,0.117458 0.445004 0.133629,  0.119895   0.165279 -0.0160774,0 0 0,0 0 0,0 0 0,0 0 0
0.61,0.414484 0.136638 0.449111, 12.9685 0.445771   -16.18, 0.74298  0.33073 0.146884,   0.821115  -0.0254404 -0.00537076,0.148363 0.460737 0.132707,  0.119895   0.165279 -0.0160774,0 0 0,-3.93736  1.54557  67.2234,0 0 0, 4.58892 -4.04297  61.1846
0.62,0.427489 0.137113 0.436928, 13.9022 0.375365 -17.0884, 0.76777 0.340409  0.14197,   0.821115  -0.0254404 -0.00537076,0.179816 0.476485 0.130066,  0.119895   0.165279 -0.0160774,0 0 0,-14.1231  7.03459  233.965,0 0 0, 16.2381 -13.9821    212.4
0.63,0.440488 0.137708 0.424414, 14.8011 0.318856 -17.9682,0.792649 0.350274 0.134214,   0.821115  -0.0254404 -0.00537076,0.211586 0.492157 0.125897,  0.119895   0.165279 -0.0160774,0 0 0,-28.1176  17.7455  447.833,0 0 0, 31.7711 -26.5327  405.139
0.64,0.453477 0.138483 0.411894, 15.6474 0.279746 -18.8043,0.817452 0.360243 0.123971,   0.821115  -0.0254404 -0.00537076,0.243444 0.507666 0.120392,  0.119895   0.165279 -0.0160774,0 0 0,-43.4815  34.9569  656.434,0 0 0, 48.0115 -38.4101  590.895
0.65,0.466453 0.139498 0.399695, 16.4232 0.261536 -19.5821,0.842017 0.370236 0.111596,   0.821115  -0.0254404 -0.00537076,0.275158 0.522923 0.113742,  0.119895   0.165279 -0.0160774,0 0 0,-57.7751   59.947  807.375,0 0 0, 61.7831 -46.3295  721.158
0.66,0.479411 0.140814 0.388144, 17.1106 0.267728 -20.2865,  0.86618  0.380171 0.0974454,   0.821115  -0.0254404 -0.00537076,0.306498  0.53784 0.106137,  0.119895   0.165279 -0.0160774,0 0 0,-68.5589  93.9946  848.265,0 0 0, 69.9093 -47.0063  747.423
0.67,0.492346  0.14249 0.377565, 17.6919 0.301825 -20.9029, 0.889778  0.389969 0.0818736,   0.821115  -0.0254404 -0.00537076, 0.337233  0.552326 0.0977677,  0.119895   0.165279 -0.0160774,0 0 0,-73.7676  136.979  740.524,0 0 0, 69.8801 -38.0791  634.323
0.68,0.505255 0.144586 0.368286, 18.1491 0.367328 -21.4163, 0.912648  0.399546 0.0652361,   0.821115  -0.0254404 -0.00537076, 0.367132  0.566294 0.0888262,  0.119895   0.165279 -0.0160774,0 0 0,-76.5481  171.612  626.869,0 0 0, 68.1234 -29.2385  518.557
0.69,0.518134 0.147163 0.360633, 18.4644 0.467738 -21.8119, 0.934627  0.408823 0.0478881,   0.821115  -0.0254404 -0.00537076, 0.395965  0.579655 0.0795028,  0.119895   0.165279 -0.0160774,0 0 0,-78.2165  192.391  558.676,0 0 0, 67.0693 -23.9341  449.098
0.7,0.530977  0.15028 0.354931,   18.62 0.606559 -22.0748,  0.95555  0.417719 0.0301849,   0.821115  -0.0254404 -0.00537076,   0.4235   0.59232 0.0699885,  0.119895   0.165279 -0.0160774,0 0 0,-78.7726  199.318  535.945,0 0 0, 66.718 -22.166 425.945
0.71,0.543783 0.153976 0.351398,  18.604 0.786065 -22.1952, 0.975256  0.426152 0.0124816,   0.821115  -0.0254404 -0.00537076, 0.449508    0.6042 0.0604741,  0.119895   0.165279 -0.0160774,0 0 0,-78.2165  192.391  558.676,0 0 0, 67.0693 -23.9341  449.098
0.72,0.556554 0.158213 0.349816, 18.4286  1.00365 -22.1831,   0.993581    0.434041 -0.00486637,   0.821115  -0.0254404 -0.00537076, 0.473758  0.615206 0.0511507,  0.119895   0.165279 -0.0160774,0 0 0,-76.5481  171.612  626.869,0 0 0, 68.1234 -29.2385  518.557
0.73,0.569295 0.162931 0.349859, 18.1122  1.25548 -22.0535,   1.01036   0.441306 -0.0215039,   0.821115  -0.0254404 -0.00537076, 0.496019   0.62525 0.0422092,  0.119895   0.165279 -0.0160774,0 0 0,-73.7676  136.979  740.524,0 0 0, 69.8801 -38.0791  634.323
0.74,0.582009 0.168068 0.351201, 17.6729  1.53773 -21.8211,   1.02543   0.447865 -0.0370756,   0.821115  -0.0254404 -0.00537076,  0.51606  0.634243 0.0338404,  0.119895   0.165279 -0.0160774,0 0 0,-68.5589  93.9946  848.265,0 0 0, 69.9093 -47.0063  747.423
0.75,0.594701 0.173566 0.353517, 17.1292  1.84659 -21.5012,   1.03863   0.453637 -0.0512264,   0.821115  -0.0254404 -0.00537076, 0.533651  0.642096 0.0262353,  0.119895   0.165279 -0.0160774,0 0 0,-57.7751   59.947  807.375,0 0 0, 61.7831 -46.3295  721.158
0.76,0.607373 0.179365  0.35648, 16.4991  2.17822 -21.1085,    1.0498   0.458541 -0.0636009,   0.821115  -0.0254404 -0.00537076,  0.54856   0.64872 0.0195848,  0.119895   0.165279 -0.0160774,0 0 0,-43.4815  34.9569  656.434,0 0 0, 48.0115 -38.4101  590.895
0.77, 0.62003 0.185404 0.359765,15.8011  2.5288 -20.658,   1.05877   0.462497 -0.0738439,   0.821115  -0.0254404 -0.00537076, 0.560558  0.654026 0.0140799,  0.119895   0.165279 -0.0160774,0 0 0,-28.1176  17.7455  447.833,0 0 0, 31.7711 -26.5327  405.139
0.78,0.632676 0.191624 0.363047, 15.0534  2.89451 -20.1648,   1.06538   0.465423 -0.0816002,   0.821115  -0.0254404 -0.00537076, 0.569414  0.657927 0.0099114,  0.119895   0.165279 -0.0160774,0 0 0,-14.1231  7.03459  233.965,0 0 0, 16.2381 -13.9821    212.4
0.79,0.645314 0.197964 0.365998, 14.2742  3.27151 -19.6437,   1.06947   0.467237 -0.0865145,   0.821115  -0.0254404 -0.00537076, 0.574896  0.660332 0.0072703,  0.119895   0.165279 -0.0160774,0 0 0,-3.93736  1.54557  67.2234,0 0 0, 4.58892 -4.04297  61.1846
0.8, 0.65795 0.204366 0.368294, 13.4818  3.65599 -19.1097,   1.07086    0.46786 -0.0882315,   0.821115  -0.0254404 -0.00537076,  0.576775   0.661154 0.00634751,  0.119895   0.165279 -0.0160774,0 0 0,-5.68434e-14 -2.13163e-14  4.54747e-13,0 0 0,-2.84217e-14 -2.84217e-14            0
0.81,0.670583 0.210763 0.369688, 12.6944  4.04584 -18.5767,   1.07086    0.46786 -0.0882315,   0.821803  -0.0248204 -0.00588504,  0.576775   0.661154 0.00634751,  0.121294   0.165841 -0.0157549, 6.72547 -24.2743   37.328,0 0 0,-11.5681  10.3012   58.345,0 0 0
0.82,0.683212 0.217072 0.370248, 11.9293  4.44582 -18.0545,   1.07086    0.46786 -0.0882315,   0.823815  -0.0230118 -0.00735695,  0.576775   0.661154 0.00634751,  0.125386   0.167485 -0.0148318,25.2454 -85.424 128.268,0 0 0,-41.8995  35.4085  201.826,0 0 0
0.83, 0.69583 0.223201 0.370123, 11.2038  4.86242 -17.5517,   1.07086    0.46786 -0.0882315,   0.827067  -0.0200922 -0.00968009,  0.576775   0.661154 0.00634751,   0.13202    0.17014 -0.0133748, 53.0752 -165.939  241.253,0 0 0,-84.4346  66.6279  383.111,0 0 0
0.84,0.708432 0.229059 0.369461, 10.5351  5.30214 -17.0772,   1.07086    0.46786 -0.0882315,  0.831479 -0.0161388 -0.0127481,  0.576775   0.661154 0.00634751,   0.14104   0.173739 -0.0114507, 87.7302 -248.309  344.718,0 0 0,-132.614  95.2651  554.869,0 0 0
0.85,0.721011 0.234557 0.368411, 9.94047  5.77146 -16.6395,   1.07086    0.46786 -0.0882315,  0.836969 -0.0112291 -0.0164544,  0.576775   0.661154 0.00634751,   0.152292    0.178214 -0.00912616, 126.726 -315.025  407.096,0 0 0,-179.878  112.626  669.769,0 0 0
0.86,0.733564 0.239604  0.36712, 9.43714  6.27687 -16.2474,   1.07086    0.46786 -0.0882315,   0.843454 -0.00544036  -0.0206928,  0.576775   0.661154 0.00634751,   0.165623    0.183497 -0.00646799, 167.577 -348.576  396.821,0 0 0,-219.668  110.016   680.48,0 0 0
0.87,0.746083 0.244108 0.365737, 9.04236  6.82488 -15.9097,   1.07086    0.46786 -0.0882315,  0.850854  0.0011499 -0.0253569,  0.576775   0.661154 0.00634751,   0.180879    0.189519 -0.00354289, 207.276 -335.466  291.708,0 0 0,-246.102  81.3188  552.944,0 0 0
0.88,0.758563  0.24798 0.364411,8.77338 7.42196 -15.635,   1.07086    0.46786 -0.0882315,  0.859087 0.00846434 -0.0303401,  0.576775   0.661154 0.00634751,  0.197906   0.196213 -0.0004176,  237.26 -315.559  191.494,0 0 0,-263.391  53.9176  426.424,0 0 0
0.89,   0.771 0.251129 0.363289,8.64744 8.07461 -15.432,   1.07086    0.46786 -0.0882315,  0.868071  0.0164256 -0.0355361,  0.576775   0.661154 0.00634751,  0.216549    0.20351 0.00284116, 255.251 -303.615  131.366,0 0 0,-273.765  37.4769  350.512,0 0 0
0.9,0.783387 0.253464 0.362519, 8.68178  8.78931 -15.3096,   1.07086    0.46786 -0.0882315,  0.877724  0.0249563 -0.0408385,  0.576775   0.661154 0.00634751,  0.236655   0.211342 0.00616665, 261.248 -299.634  111.323,0 0 0,-277.223  31.9967  325.208,0 0 0
0.91, 0.79572 0.254926 0.362202, 8.88775  9.57038 -15.2732,   1.07086    0.46786 -0.0882315, 0.887965 0.0339789 -0.046141,  0.576775   0.661154 0.00634751,   0.25807   0.219641 0.00949214, 255.251 -303.615  131.366,0 0 0,-273.765  37.4769  350.512,0 0 0
0.92,0.808002 0.255576  0.36224, 9.25314  10.4133 -15.3164,   1.07086    0.46786 -0.0882315, 0.898712 0.0434163 -0.051337,  0.576775   0.661154 0.00634751,  0.28064  0.228339 0.0127509,  237.26 -315.559  191.494,0 0 0,-263.391  53.9176  426.424,0 0 0
0.93, 0.82024 0.255505 0.362484, 9.75983  11.3115 -15.4297,   1.07086    0.46786 -0.0882315,  0.909883  0.0531909 -0.0563202,  0.576775   0.661154 0.00634751, 0.304211  0.237368 0.0158762, 207.276 -335.466  291.708,0 0 0,-246.102  81.3188  552.944,0 0 0
0.94,0.832438 0.254803 0.362787, 10.3897  12.2583 -15.6035,   1.07086    0.46786 -0.0882315,  0.921397  0.0632253 -0.0609842,  0.576775   0.661154 0.00634751, 0.328629  0.246659 0.0188013, 167.577 -348.576  396.821,0 0 0,-219.668  110.016   680.48,0 0 0
0.95,0.844602 0.253562    0.363, 11.1247  13.2469 -15.8282,   1.07086    0.46786 -0.0882315,  0.933172  0.0734423 -0.0652226,  0.576775   0.661154 0.00634751,  0.35374  0.256144 0.0214594, 126.726 -315.025  407.096,0 0 0,-179.878  112.626  669.769,0 0 0
0.96,0.856738 0.251873 0.362977, 11.9466  14.2708 -16.0943,   1.07086    0.46786 -0.0882315, 0.945127 0.0837643 -0.068929,  0.576775   0.661154 0.00634751, 0.37939 0.265756 0.023784, 87.7302 -248.309  344.718,0 0 0,-132.614  95.2651  554.869,0 0 0
0.97, 0.86885 0.249825  0.36257, 12.8374  15.3233 -16.3923,   1.07086    0.46786 -0.0882315, 0.957179 0.0941141 -0.071997,  0.576775   0.661154 0.00634751, 0.405426  0.275426 0.0257081, 53.0752 -165.939  241.253,0 0 0,-84.4346  66.6279  383.111,0 0 0
0.98,0.880944  0.24751 0.361629, 13.7789  16.3977 -16.7126,   1.07086    0.46786 -0.0882315,  0.969247   0.104414 -0.0743201,  0.576775   0.661154 0.00634751, 0.431693  0.285086 0.0271651,25.2454 -85.424 128.268,0 0 0,-41.8995  35.4085  201.826,0 0 0
0.99,0.893027 0.245019 0.360009, 14.7531  17.4873 -17.0456,   1.07086    0.46786 -0.0882315, 0.981249  0.114587 -0.075792,  0.576775   0.661154 0.00634751, 0.458037  0.294667 0.0280882, 6.72547 -24.2743   37.328,0 0 0,-11.5681  10.3012   58.345,0 0 0
1,0.905102 0.242442  0.35756, 15.7418  18.5856 -17.3818,   1.07086    0.46786 -0.0882315,  0.993104   0.124556 -0.0763063,  0.576775   0.661154 0.00634751, 0.484304  0.304103 0.0284107,-4.26326e-14            0  2.27374e-13,0 0 0, 5.68434e-14 -5.68434e-14            0,0 0 0
1.01,0.917175 0.239856 0.354161,   16.73  19.6868 -17.7132,   1.07165    0.46771 -0.0893764,   1.00502   0.134492 -0.0807904,  0.577771   0.661266 0.00761028, 0.510983  0.313557 0.0282734,0 0 0,0 0 0,0 0 0,0 0 0
1.02,0.929246 0.237278 0.349789, 17.7147  20.7899 -18.0383,   1.07392   0.467267 -0.0926531,   1.0172  0.144572 -0.093624, 0.580668  0.661576 0.0112244, 0.538505  0.323194 0.0278803,0 0 0,0 0 0,0 0 0,0 0 0
1.03,0.941315 0.234708 0.344443, 18.6963  21.8948 -18.3574,   1.07759   0.466543 -0.0978248, 1.02955 0.154726 -0.11388, 0.585333  0.662047 0.0169287,  0.56663   0.33294 0.0272599,0 0 0,0 0 0,0 0 0,0 0 0
1.04,0.953382 0.232146 0.338124, 19.6749  23.0014 -18.6703,  1.08254  0.465548 -0.104655,  1.04198  0.164882 -0.140629, 0.591632  0.662639 0.0244617,  0.59512  0.342724 0.0264406,0 0 0,0 0 0,0 0 0,0 0 0
1.05,0.965448 0.229591 0.330831, 20.6507  24.1096 -18.9774,  1.08869  0.464294 -0.112906,  1.05438   0.17497 -0.172945,  0.59943  0.663314 0.0335624, 0.623736  0.352474 0.0254507,0 0 0,0 0 0,0 0 0,0 0 0
1.06,0.977512 0.227043 0.322564, 21.6238  25.2193 -19.2786,  1.09592  0.462792 -0.122341,1.06667 0.18492 -0.2099, 0.608594  0.664034 0.0439694, 0.652238  0.362117 0.0243189,0 0 0,0 0 0,0 0 0,0 0 0
1.07,0.989575 0.224503 0.313323, 22.5946  26.3305 -19.5742,  1.10414  0.461054 -0.132724,  1.07875   0.19466 -0.250566, 0.618988   0.66476 0.0554214, 0.680387  0.371582 0.0230733,0 0 0,0 0 0,0 0 0,0 0 0
1.08, 1.00164  0.22197 0.303109, 23.5631  27.4431 -19.8642,  1.11323   0.45909 -0.143817,  1.09053  0.204121 -0.294015,  0.63048  0.665455 0.0676572, 0.707945  0.380796 0.0217425,0 0 0,0 0 0,0 0 0,0 0 0
1.09,  1.0137 0.219444  0.29192, 24.5296  28.5569 -20.1488,  1.12311  0.456913 -0.155384,   1.1019   0.21323 -0.339319, 0.642935  0.666078 0.0804156, 0.734671  0.389687 0.0203549,0 0 0,0 0 0,0 0 0,0 0 0
1.1, 1.02575 0.216926 0.279758,25.4942  29.672 -20.428,  1.13367  0.454533 -0.167188,  1.11279  0.221919 -0.385551, 0.656219  0.666593 0.0934352, 0.760328  0.398183 0.0189388,0 0 0,0 0 0,0 0 0,0 0 0
1.11, 1.03781 0.214416 0.266622,26.4572 30.7882 -20.702,   1.1448  0.451962 -0.178993,  1.12309  0.230115 -0.431783,0.670198  0.66696 0.106455, 0.784677  0.406213 0.0175228,0 0 0,0 0 0,0 0 0,0 0 0
1.12, 1.04987 0.211916 0.252516, 27.4188  31.9054 -20.9708, 1.15641  0.44921 -0.19056,   1.1327  0.237749 -0.477088,0.684737 0.667142 0.119213, 0.807477  0.413703 0.0161351,0 0 0,0 0 0,0 0 0,0 0 0
1.13, 1.06192 0.209427 0.237438,  28.379  33.0237 -21.2345,  1.16839   0.44629 -0.201653,  1.14154  0.244749 -0.520537,0.699703 0.667099 0.131449,  0.82849  0.420582 0.0148043,0 0 0,0 0 0,0 0 0,0 0 0
1.14, 1.07397 0.206947 0.221388,  29.338   34.143 -21.4932,  1.18063  0.443213 -0.212036,   1.1495  0.251045 -0.561202,0.714962 0.666794 0.142901, 0.847477  0.426778 0.0135588,0 0 0,0 0 0,0 0 0,0 0 0
1.15, 1.08602 0.204478 0.204367,  30.296  35.2631 -21.7469,  1.19305  0.439989 -0.221471,   1.1565  0.256566 -0.598157,0.730378 0.666187 0.153308, 0.864199  0.432219 0.0124269,0 0 0,0 0 0,0 0 0,0 0 0
1.16, 1.09808 0.202017 0.186372, 31.2533  36.3842 -21.9957,  1.20553   0.43663 -0.229722,  1.16244  0.261242 -0.630473, 0.74582 0.665241 0.162409, 0.878417  0.436832 0.0114371,0 0 0,0 0 0,0 0 0,0 0 0
1.17, 1.11013 0.199566 0.167405, 32.2098   37.506 -22.2398,  1.21798  0.433148 -0.236552,  1.16723  0.265002 -0.657223,0.761151 0.663917 0.169942, 0.889891  0.440545 0.0106177,0 0 0,0 0 0,0 0 0,0 0 0
1.18, 1.12217 0.197125 0.147465, 33.1658  38.6287 -22.4791,  1.23029  0.429553 -0.241724,  1.17076  0.267775 -0.677478,0.776238 0.662176 0.175646,  0.898383   0.443287 0.00999732,0 0 0,0 0 0,0 0 0,0 0 0
1.19, 1.13422 0.194691 0.126551, 34.1215   39.752 -22.7137,  1.24236  0.425857 -0.245001,  1.17295  0.269491 -0.690312,0.790947 0.659981  0.17926,  0.903654   0.444985 0.00960424,0 0 0,0 0 0,0 0 0,0 0 0
1.2, 1.14627 0.192267 0.104664,  35.077  40.8759 -22.9438,  1.25409  0.422072 -0.246145,   1.1737  0.270079 -0.694796,0.805144 0.657293 0.180523, 0.905464  0.445567 0.0094669,0 0 0,0 0 0,0 0 0,0 0 0
1.21,  1.15831  0.189848 0.0818776, 36.0317  41.9998 -23.1668,  1.26567  0.418117 -0.247514,   1.1737  0.270079 -0.694796,0.819048 0.654019 0.180881, 0.905464  0.445567 0.0094669,0 0 0,  15.533 -49.3206  37.7562,0 0 0,-20.7858 -2.97878  75.1752
1.22,   1.1703  0.187411 0.0585602,36.9818 43.1195  -23.37,  1.27732  0.413937 -0.251431,   1.1737  0.270079 -0.694796,0.832919 0.650149 0.181908, 0.905464  0.445567 0.0094669,0 0 0, 56.9184 -171.717  133.487,0 0 0,-76.1007 -7.39272  263.085
1.23,   1.1822  0.184927 0.0351518, 37.9228  44.2306 -23.5381,  1.28895  0.409578 -0.257614,   1.1737  0.270079 -0.694796,0.846684 0.645766 0.183528, 0.905464  0.445567 0.0094669,0 0 0,116.336 -328.84 260.887,0 0 0,-155.381 -6.45822  507.308
1.24,  1.19395  0.182365 0.0120923, 38.8499  45.3284 -23.6561,  1.30051  0.405086 -0.265779,   1.1737  0.270079 -0.694796,0.860268 0.640952 0.185667, 0.905464  0.445567 0.0094669,0 0 0, 185.965 -482.341   393.65,0 0 0,-248.063  6.60828   751.42
1.25,    1.2055   0.179695 -0.0101785, 39.7588  46.4083 -23.7085,  1.31191  0.400508 -0.275643,   1.1737  0.270079 -0.694796,0.873599  0.63579 0.188252, 0.905464  0.445567 0.0094669,0 0 0, 257.986 -593.873  505.469,0 0 0,-343.583  38.5904  938.999
1.26,   1.21682   0.176888 -0.0312205, 40.6447  47.4657 -23.6802,   1.3231   0.39589 -0.286923,   1.1737  0.270079 -0.694796,0.886603 0.630362 0.191207, 0.905464  0.445567 0.0094669,0 0 0, 324.577 -625.086  570.038,0 0 0,-431.377  96.2717  1013.62
1.27,  1.22784  0.173912 -0.050594, 41.5032  48.4959 -23.5559,  1.33399  0.391278 -0.299335,   1.1737  0.270079 -0.694796,0.899206 0.624751 0.194459, 0.905464  0.445567 0.0094669,0 0 0, 378.148 -547.704  566.653,0 0 0,-501.257  182.739  932.817
1.28,  1.23852  0.170738 -0.067859, 42.3296  49.4942 -23.3204,  1.34452  0.386719 -0.312598,   1.1737  0.270079 -0.694796,0.911335 0.619039 0.197934, 0.905464  0.445567 0.0094669,0 0 0, 416.173 -465.683  549.623,0 0 0,-550.66 254.705 838.227
1.29,   1.24881   0.167335 -0.0825755, 43.1193  50.4562 -22.9585,  1.35462  0.382258 -0.326426,   1.1737  0.270079 -0.694796,0.922916  0.61331 0.201557, 0.905464  0.445567 0.0094669,0 0 0,438.988 -416.47 539.405,0 0 0,-580.301  297.885  781.473
1.3,   1.25866   0.163674 -0.0943038, 43.8678  51.3771 -22.4549,  1.36421  0.377942 -0.340538,   1.1737  0.270079 -0.694796,0.933876 0.607645 0.205255, 0.905464  0.445567 0.0094669,0 0 0, 446.593 -400.066  535.999,0 0 0,-590.182  312.278  762.555
1.31,  1.26805  0.159736 -0.102749,  44.573  52.2535 -21.7987,  1.37323  0.373818 -0.354649,   1.1737  0.270079 -0.694796,0.944141 0.602128 0.208952, 0.905464  0.445567 0.0094669,0 0 0,438.988 -416.47 539.405,0 0 0,-580.301  297.885  781.473
1.32,    1.277  0.155542 -0.108202,45.2424 53.0872 -20.996,  1.38159  0.369931 -0.368478,   1.1737  0.270079 -0.694796,0.953638 0.596841 0.212575, 0.905464  0.445567 0.0094669,0 0 0, 416.173 -465.683  549.623,0 0 0,-550.66 254.705 838.227
1.33,  1.28556  0.151122 -0.111104, 45.8861  53.8809 -20.0571, 1.38924 0.366329 -0.38174,   1.1737  0.270079 -0.694796,0.962293 0.591867  0.21605, 0.905464  0.445567 0.0094669,0 0 0, 378.148 -547.704  566.653,0 0 0,-501.257  182.739  932.817
1.34,  1.29378  0.146504 -0.111895, 46.5142  54.6376 -18.9924,   1.3961  0.363056 -0.394152,   1.1737  0.270079 -0.694796,0.970033 0.587287 0.219302, 0.905464  0.445567 0.0094669,0 0 0, 324.577 -625.086  570.038,0 0 0,-431.377  96.2717  1013.62
1.35,  1.30171  0.141717 -0.111016, 47.1367  55.3602 -17.8124,   1.4021   0.36016 -0.405432,   1.1737  0.270079 -0.694796,0.976783 0.583186 0.222258, 0.905464  0.445567 0.0094669,0 0 0, 257.986 -593.873  505.469,0 0 0,-343.583  38.5904  938.999
1.36,  1.30939  0.136791 -0.108906, 47.7635  56.0516 -16.5273,  1.40717  0.357687 -0.415296,   1.1737  0.270079 -0.694796,0.982471 0.579645 0.224842, 0.905464  0.445567 0.0094669,0 0 0, 185.965 -482.341   393.65,0 0 0,-248.063  6.60828   751.42
1.37,  1.31688  0.131753 -0.106007, 48.4049  56.7148 -15.1477,  1.41124  0.355682 -0.423461,   1.1737  0.270079 -0.694796,0.987023 0.576747 0.226982, 0.905464  0.445567 0.0094669,0 0 0,116.336 -328.84 260.887,0 0 0,-155.381 -6.45822  507.308
1.38,  1.32423  0.126634 -0.102758, 49.0708  57.3525 -13.6838,  1.41423  0.354193 -0.429644,   1.1737  0.270079 -0.694796,0.990366 0.574575 0.228602, 0.905464  0.445567 0.0094669,0 0 0, 56.9184 -171.717  133.487,0 0 0,-76.1007 -7.39272  263.085
1.39,   1.33147   0.121462 -0.0996007, 49.7713  57.9677 -12.1461,  1.41608  0.353266 -0.433561,   1.1737  0.270079 -0.694796,0.992425 0.573211 0.229628, 0.905464  0.445567 0.0094669,0 0 0,  15.533 -49.3206  37.7562,0 0 0,-20.7858 -2.97878  75.1752
1.4,   1.33867   0.116266 -0.0969743,50.5163 58.5634 -10.545, 1.41671 0.352947 -0.43493,   1.1737  0.270079 -0.694796,0.993128 0.572738 0.229987, 0.905464  0.445567 0.0094669,0 0 0, 5.68434e-14 -4.54747e-13            0,0 0 0,-1.13687e-13            0  4.54747e-13
1.41,   1.34582   0.111078 -0.0951906, 51.3082    59.14 -8.89464, 1.41671 0.352947 -0.43493,  1.17368  0.269664 -0.692846,0.993128 0.572738 0.229987, 0.904832  0.444457 0.0113063, -16.626 -80.4952  15.9785,0 0 0, 16.4179 -42.6651  25.3453,0 0 0
1.42,  1.35281  0.105939 -0.094056, 52.1176  59.6889 -7.22508, 1.41671 0.352947 -0.43493,  1.17367  0.268476 -0.687264,0.993128 0.572738 0.229987, 0.902992  0.441222 0.0165707,-59.8085 -277.389  64.7696,0 0 0, 54.5976 -141.422  84.4435,0 0 0
1.43,   1.35944   0.100893 -0.0932526, 52.9074   60.199 -5.57006, 1.41671 0.352947 -0.43493,   1.1737  0.266603 -0.678453,0.993128 0.572738 0.229987, 0.900024  0.436006 0.0248795,-119.504 -523.794  147.656,0 0 0, 97.9284 -252.412  151.888,0 0 0
1.44,   1.36555  0.0959829 -0.0924627, 53.6404  60.6592 -3.96339, 1.41671 0.352947 -0.43493,  1.17384  0.264131 -0.666818,0.993128 0.572738 0.229987, 0.896008  0.428954 0.0358523, -185.67 -752.822  265.922,0 0 0, 129.799 -331.778  202.271,0 0 0
1.45,   1.37097  0.0912512 -0.0913685, 54.2795  61.0586 -2.43887, 1.41671 0.352947 -0.43493,  1.17412  0.261147 -0.652762,0.993128 0.572738 0.229987, 0.891027  0.420209 0.0491084,-248.263 -897.585  420.849,0 0 0,   133.6 -335.662  210.188,0 0 0
1.46,   1.37553  0.0867413 -0.0896524,54.7876  61.386 -1.0303, 1.41671 0.352947 -0.43493,  1.17462  0.257739 -0.636688,0.993128 0.572738 0.229987, 0.885161  0.409915 0.0642674,-297.239 -891.196  613.722,0 0 0, 92.7187 -220.205   150.23,0 0 0
1.47,   1.37905  0.0824961 -0.0869964, 55.1274  61.6305 0.228524, 1.41671 0.352947 -0.43493, 1.17536 0.253994   -0.619,0.993128 0.572738 0.229987, 0.878491  0.398216 0.0809485,-323.957 -686.179   839.61,0 0 0,-3.44323   42.349  6.10906,0 0 0
1.48,  1.38135 0.0785588 -0.083083,55.2619  61.781 1.30379, 1.41671 0.352947 -0.43493,  1.17641  0.249998 -0.600102,0.993128 0.572738 0.229987, 0.871098  0.385257 0.0987714,-339.568 -487.816  1018.64,0 0 0,-88.4269  273.567 -121.538,0 0 0
1.49,   1.38228  0.0749723 -0.0775944,55.1539 61.8264 2.16171, 1.41671 0.352947 -0.43493,  1.17782  0.245838 -0.580396,0.993128 0.572738 0.229987,0.863063  0.37118 0.117355,-348.935 -368.798  1126.06,0 0 0,-139.417  412.297 -198.127,0 0 0
1.5,   1.38164  0.0717797 -0.0702128,54.7663 61.7558 2.76848, 1.41671 0.352947 -0.43493,  1.17964  0.241601 -0.560287,0.993128 0.572738 0.229987,0.854467 0.356131  0.13632,-352.057 -329.125  1161.87,0 0 0,-156.414  458.541 -223.656,0 0 0
1.51,   1.37934  0.0690088 -0.0607236,54.0741 61.5618 3.10147, 1.41671 0.352947 -0.43493,  1.18192  0.237375 -0.540178,0.993128 0.572738 0.229987,0.845392 0.340252 0.155284,-348.935 -368.798  1126.06,0 0 0,-139.417  412.297 -198.127,0 0 0
1.52,   1.37547  0.0666288 -0.0493365,53.1014 61.2526 3.18278, 1.41671 0.352947 -0.43493,   1.1847  0.233246 -0.520472,0.993128 0.572738 0.229987,0.835917 0.323689 0.173868,-339.568 -487.816  1018.64,0 0 0,-88.4269  273.567 -121.538,0 0 0
1.53,   1.37022  0.0645958 -0.0363699,51.8843 60.8399 3.04563, 1.41671 0.352947 -0.43493,  1.18805  0.229301 -0.501573,0.993128 0.572738 0.229987,0.826123 0.306584 0.191691,-323.957 -686.179   839.61,0 0 0,-3.44323   42.349  6.10906,0 0 0
1.54,   1.36375  0.0628657 -0.0221424,50.4591 60.3354 2.72327, 1.41671 0.352947 -0.43493,  1.19201  0.225627 -0.483885,0.993128 0.572738 0.229987,0.816093 0.289082 0.208372,-297.239 -891.196  613.722,0 0 0, 92.7187 -220.205   150.23,0 0 0
1.55,    1.35624   0.0613942 -0.00697248, 48.862  59.751 2.24893, 1.41671 0.352947 -0.43493,  1.19663  0.222312 -0.467812,0.993128 0.572738 0.229987,0.805907 0.271328 0.223531,-248.263 -897.585  420.849,0 0 0,   133.6 -335.662  210.188,0 0 0
1.56,  1.34786 0.0601374 0.0088214,47.1292 59.0984 1.65584, 1.41671 0.352947 -0.43493,  1.20196  0.219442 -0.453755,0.993128 0.572738 0.229987,0.795646 0.253463 0.236787, -185.67 -752.822  265.922,0 0 0, 129.799 -331.778  202.271,0 0 0
1.57,  1.33879  0.059051 0.0249207, 45.2969  58.3895 0.977256, 1.41671 0.352947 -0.43493, 1.20806 0.217104 -0.44212,0.993128 0.572738 0.229987,0.785391 0.235634  0.24776,-119.504 -523.794  147.656,0 0 0, 97.9284 -252.412  151.888,0 0 0
1.58,  1.32918 0.0580911  0.041007, 43.4014  57.6359 0.246402, 1.41671 0.352947 -0.43493, 1.21498 0.215385 -0.43331,0.993128 0.572738 0.229987,0.775222 0.217983 0.256069,-59.8085 -277.389  64.7696,0 0 0, 54.5976 -141.422  84.4435,0 0 0
1.59,  1.31922 0.0572134 0.0567617,  41.4788   56.8495 -0.503482, 1.41671 0.352947 -0.43493,  1.22276  0.214372 -0.427728,0.993128 0.572738 0.229987,0.765221 0.200655 0.261333, -16.626 -80.4952  15.9785,0 0 0, 16.4179 -42.6651  25.3453,0 0 0
1.6,  1.30908  0.056374 0.0718663, 39.5654   56.042 -1.23916, 1.41671 0.352947 -0.43493,  1.23146  0.214152 -0.425777,0.993128 0.572738 0.229987, 0.75547 0.183794 0.263173,           0 -4.54747e-13 -1.98952e-13,0 0 0, 2.27374e-13 -4.54747e-13  6.82121e-13,0 0 0
1.61,   1.2989 0.0555342 0.0860585, 37.6911  55.2235 -1.93327, 1.41595 0.352598 -0.43429,  1.24133  0.214794 -0.426328,0.991901 0.571808  0.22855,0.745803 0.167123 0.261086,0 0 0,0 0 0,0 0 0,0 0 0
1.62,   1.2887 0.0546853 0.0992879,35.8599 54.3963  -2.582, 1.41376 0.351598 -0.43246,  1.25245   0.21625 -0.427903, 0.98834 0.569103  0.22444,0.736047 0.150341 0.255115,0 0 0,0 0 0,0 0 0,0 0 0
1.63,  1.27849 0.0538273  0.111554, 34.0697   53.561 -3.18745, 1.41026 0.350012 -0.42957,  1.26464  0.218427 -0.430388,0.982622 0.564756 0.217952,0.726264 0.133553 0.245689,0 0 0,0 0 0,0 0 0,0 0 0
1.64,  1.26826 0.0529605  0.122856, 32.3182  52.7181 -3.75171,  1.40557  0.347908 -0.425755,   1.2777  0.221235 -0.433671,0.974926 0.558898 0.209385,0.716518 0.116862 0.233242,0 0 0,0 0 0,0 0 0,0 0 0
1.65, 1.25802 0.052085 0.133194, 30.6033  51.8682 -4.27686,  1.39982  0.345354 -0.421145,  1.29144  0.224581 -0.437637,0.965431 0.551659 0.199035,0.706872 0.100373 0.218205,0 0 0,0 0 0,0 0 0,0 0 0
1.66,  1.24777 0.0512012  0.142567,28.9227 51.0118  -4.765,  1.39313  0.342415 -0.415873,  1.30568  0.228374 -0.442172,0.954315 0.543171 0.187198, 0.697389 0.0841913  0.201009,0 0 0,0 0 0,0 0 0,0 0 0
1.67,   1.2375 0.0503091  0.150974, 27.2742  50.1495 -5.21822,  1.38563  0.339159 -0.410073,  1.32022  0.232523 -0.447163,0.941755 0.533565 0.174174, 0.688134 0.0684205  0.182087,0 0 0,0 0 0,0 0 0,0 0 0
1.68,  1.22722 0.0494089  0.158415, 25.6556  49.2818 -5.63862,  1.37744  0.335654 -0.403875,  1.33487  0.236936 -0.452495,0.927932 0.522971 0.160258, 0.679168 0.0531653   0.16187,0 0 0,0 0 0,0 0 0,0 0 0
1.69,  1.21693 0.0485009   0.16489, 24.0647  48.4092 -6.02827,  1.36868  0.331965 -0.397412,  1.34945  0.241521 -0.458055,0.913022 0.511522 0.145747, 0.670555 0.0385302  0.140789,0 0 0,0 0 0,0 0 0,0 0 0
1.7,  1.20662 0.0475853  0.170398, 22.4992  47.5323 -6.38928,  1.35948  0.328161 -0.390817,  1.36375  0.246188 -0.463729,0.897205 0.499347  0.13094, 0.662359 0.0246196  0.119276,0 0 0,0 0 0,0 0 0,0 0 0
1.71,   1.1963 0.0466604  0.174941, 20.9572  46.6516 -6.72357,  1.34996  0.324308 -0.384223,   1.3776  0.250845 -0.469402,0.880659 0.486578 0.116133, 0.654644  0.011538 0.0977637,0 0 0,0 0 0,0 0 0,0 0 0
1.72,  1.18596 0.0457251  0.178523, 19.4374  45.7674 -7.03235, 1.34024 0.320473 -0.37776,  1.39079    0.2554 -0.474962,0.863561 0.473347 0.101622,    0.647471 -0.000610077    0.0766828,0 0 0,0 0 0,0 0 0,0 0 0
1.73,  1.17561 0.0447799  0.181142, 17.9386  44.8799 -7.31663,  1.33045  0.316723 -0.371562,  1.40315  0.259761 -0.480294, 0.846091  0.459784 0.0877062,  0.640906 -0.0117202  0.0564654,0 0 0,0 0 0,0 0 0,0 0 0
1.74,  1.16524 0.0438254  0.182798, 16.4597  43.9895 -7.57741,  1.32072  0.313126 -0.365762,  1.41448  0.263838 -0.485285, 0.828428   0.44602 0.0746816,  0.63501 -0.021688  0.037543,0 0 0,0 0 0,0 0 0,0 0 0
1.75,  1.15485 0.0428622  0.183491, 14.9996  43.0962 -7.81571, 1.31116 0.309748 -0.36049, 1.42459 0.267539 -0.48982, 0.810748  0.432187 0.0628456,  0.629847 -0.0304088  0.0203473,0 0 0,0 0 0,0 0 0,0 0 0
1.76, 1.14445 0.041891  0.18322, 13.5572  42.2005 -8.03252, 1.30191 0.306657 -0.35588,  1.43328  0.270772 -0.493786, 0.793231  0.418415 0.0524952,  0.625482 -0.0377783 0.00531013,0 0 0,0 0 0,0 0 0,0 0 0
1.77,  1.13403 0.0409122  0.181984, 12.1313  41.3024 -8.22886,  1.29307  0.303919 -0.352065,  1.44038  0.273445 -0.497069, 0.776055  0.404836 0.0439277,   0.621976   -0.043692 -0.00713692,0 0 0,0 0 0,0 0 0,0 0 0
1.78,   1.1236 0.0399266  0.179782, 10.7207  40.4023 -8.40573,  1.28479  0.301601 -0.349175,  1.44568  0.275468 -0.499555, 0.759399   0.39158 0.0374401,  0.619393 -0.0480454 -0.0165622,0 0 0,0 0 0,0 0 0,0 0 0
1.79,  1.11315 0.0389347  0.176614, 9.32451  39.5004 -8.56414,  1.27717  0.299771 -0.347345,   1.449 0.276749 -0.50113,  0.74344   0.37878 0.0333297,  0.617797  -0.050734 -0.0225339,0 0 0,0 0 0,0 0 0,0 0 0
1.8,   1.1027 0.0379371   0.17248, 7.94143  38.5969 -8.70509,  1.27036  0.298495 -0.346705, 1.45015 0.277197 -0.50168, 0.728357  0.366565 0.0318935,  0.617251 -0.0516535 -0.0246204,0 0 0,0 0 0,0 0 0,0 0 0
1.81,  1.09225 0.0369283  0.167399,6.57396 37.6862 -8.8273,  1.26428  0.297801 -0.347849, 1.45015 0.277197 -0.50168, 0.713941  0.354756 0.0305801,  0.617251 -0.0516535 -0.0246204,0 0 0, -2.5804 -70.0394  4.88239,0 0 0,4.69377 2.97319 39.8924
1.82, 1.08189 0.035882 0.161465, 5.23872  36.7391 -8.92005,  1.25876  0.297635 -0.351125, 1.45015 0.277197 -0.50168,0.699891 0.343117 0.026821,  0.617251 -0.0516535 -0.0246204,0 0 0,-6.66703 -238.277  17.6646,0 0 0,16.7775   8.776 137.816
1.83,  1.07173 0.0347677  0.154783, 3.95579  35.7206 -8.97024,   1.2538  0.297943 -0.356294, 1.45015 0.277197 -0.50168, 0.686246  0.331695 0.0208879,  0.617251 -0.0516535 -0.0246204,0 0 0,-6.77808 -441.892  35.5492,0 0 0,33.2547 12.7333 261.141
1.84,  1.06189 0.0335548   0.14746, 2.74525  34.5957 -8.96477, 1.24934 0.298672 -0.36312, 1.45015 0.277197 -0.50168, 0.673046  0.320536 0.0130527,  0.617251 -0.0516535 -0.0246204,0 0 0, 2.56828 -618.063  55.7387,0 0 0,51.1292 10.1699 377.237
1.85,  1.05248 0.0322128  0.139604, 1.62717  33.3293 -8.89052,  1.24538   0.29977 -0.371368, 1.45015 0.277197 -0.50168,  0.660334   0.309689 0.00358698,  0.617251 -0.0516535 -0.0246204,0 0 0, 26.8539 -703.969  75.4357,0 0 0, 67.4044 -3.58932  453.474
1.86,  1.04361 0.0307112  0.131319,0.621648  31.8865 -8.73438,  1.24187  0.301182 -0.380799, 1.45015 0.277197 -0.50168,   0.648148    0.299201 -0.00723744,  0.617251 -0.0516535 -0.0246204,0 0 0, 71.5606 -636.789  91.8428,0 0 0,  79.084 -33.2195  457.222
1.87,  1.03539 0.0290195  0.122715,-0.251249   30.2322  -8.48326,   1.2388  0.302857 -0.391177, 1.45015 0.277197 -0.50168,   0.63653   0.289117 -0.0191488,  0.617251 -0.0516535 -0.0246204,0 0 0,  139.24 -373.787  102.469,0 0 0, 83.6787 -81.1546  365.113
1.88, 1.02793 0.027107 0.113896,-0.971438   28.3315  -8.12405,  1.23613  0.304739 -0.402265, 1.45015 0.277197 -0.50168,   0.62552   0.279487 -0.0318755,  0.617251 -0.0516535 -0.0246204,0 0 0, 195.664 -131.866  109.331,0 0 0,85.6706 -121.55 274.585
1.89,  1.02134 0.0249433  0.104969,-1.51884  26.1492 -7.64363,  1.23383  0.306777 -0.413827, 1.45015 0.277197 -0.50168,  0.615157   0.270356 -0.0451456,  0.617251 -0.0516535 -0.0246204,0 0 0,229.518  13.287 113.449,0 0 0, 86.8657 -145.787  220.269
1.9,  1.01574 0.0224978  0.096042,-1.87337  23.6504 -7.02889,  1.23189  0.308917 -0.425625, 1.45015 0.277197 -0.50168,  0.605484   0.261771 -0.0586874,  0.617251 -0.0516535 -0.0246204,0 0 0,240.803 61.6712 114.821,0 0 0, 87.2641 -153.866  202.163
1.91,  1.01119 0.0197646 0.0872313,-2.02456  20.8265 -6.27622,  1.23026  0.311106 -0.437424, 1.45015 0.277197 -0.50168,   0.59654   0.253781 -0.0722293,  0.617251 -0.0516535 -0.0246204,0 0 0,229.518  13.287 113.449,0 0 0, 86.8657 -145.787  220.269
1.92,  1.00761 0.0168344 0.0786874,-2.00034  17.7748 -5.41948,  1.22892   0.31329 -0.448986, 1.45015 0.277197 -0.50168,  0.588366   0.246432 -0.0854994,  0.617251 -0.0516535 -0.0246204,0 0 0, 195.664 -131.866  109.331,0 0 0,85.6706 -121.55 274.585
1.93,  1.00488 0.0138213 0.0705657,-1.83829  14.6189 -4.50186,  1.22784  0.315417 -0.460074, 1.45015 0.277197 -0.50168, 0.581002   0.23977 -0.098226,  0.617251 -0.0516535 -0.0246204,0 0 0,  139.24 -373.787  102.469,0 0 0, 83.6787 -81.1546  365.113
1.94,  1.00289 0.0108395  0.063022,-1.57597  11.4825 -3.56652,    1.227  0.317433 -0.470452, 1.45015 0.277197 -0.50168, 0.574488  0.233845 -0.110137,  0.617251 -0.0516535 -0.0246204,0 0 0, 71.5494 -636.849  91.8842,0 0 0, 78.5692 -26.3085  479.039
1.95,  1.00153 0.0080032 0.0562119,-1.25094  8.48927 -2.65663,  1.22636  0.319284 -0.479883, 1.45015 0.277197 -0.50168, 0.568866  0.228701 -0.120962,  0.617251 -0.0516535 -0.0246204,0 0 0, 26.7915 -704.306  75.6665,0 0 0,64.5312 34.9766 575.217
1.96,   1.00067 0.00542653   0.050291,-0.900777   5.76295  -1.81537, 1.22591 0.320919 -0.48813, 1.45015 0.277197 -0.50168, 0.564175  0.224387 -0.130428,  0.617251 -0.0516535 -0.0246204,0 0 0, 2.42772 -618.822  56.2585,0 0 0,44.6565 97.0511 651.499
1.97,    1.0002 0.00322369   0.045415,-0.563034   3.42718   -1.0859,   1.2256  0.322282 -0.494957, 1.45015 0.277197 -0.50168, 0.560456   0.22095 -0.138263,  0.617251 -0.0516535 -0.0246204,0 0 0, -7.0076 -443.131   36.398,0 0 0, 22.686 154.594 708.959
1.98,   1.00001 0.00150887  0.0417394,-0.275281   1.60565 -0.511403,  1.22542  0.323322 -0.500126, 1.45015 0.277197 -0.50168,  0.55775  0.218436 -0.144196,  0.617251 -0.0516535 -0.0246204,0 0 0,-6.98011 -239.968  18.8224,0 0 0,2.36096 202.284 748.672
1.99,   0.999984 0.000396248     0.03942,-0.075081  0.422025 -0.135046,  1.22533  0.323985 -0.503401, 1.45015 0.277197 -0.50168, 0.556096  0.216893 -0.147955,  0.617251 -0.0516535 -0.0246204,0 0 0,-2.95547 -72.0648   6.2695,0 0 0,-12.5776    234.8  771.712
2,          1 3.46945e-18   0.0386122, 2.38542e-15 -3.18055e-15            0,   1.2253  0.324218 -0.504545, 1.45015 0.277197 -0.50168, 0.555536  0.216369 -0.149268,  0.617251 -0.0516535 -0.0246204,0 0 0,-0.399332  -2.15639   1.47683,0 0 0,-18.3884  246.822  779.153
