time , lin_pos[m] , euler_rpy[deg] , foot1_pos[m] , foot2_pos[m] , foot3_pos[m] , foot4_pos[m] , foot1_F[N] , foot2_F[N] , foot3_F[N] , foot4_F[N] , foot1_contact , foot2_contact , foot3_contact , foot4_contact 
0,   0    0 0.42,0 0 0,0.34 0.19    0, 0.34 -0.19     0,-0.34  0.19     0,-0.34 -0.19     0,0.889039 0.383281  2.22947, 0.596273 -0.201755   1.78102,1.33067 0.40558  3.0966, 0.922374 -0.173821   2.36934
0.01,1.07887e-05 8.99118e-06    0.419548,-0.000303875  -0.00506247  -0.00369533,0.34 0.19    0, 0.34 -0.19     0,-0.34  0.19     0,-0.34 -0.19     0, 46.0968 -12.5265 -263.493, -8.65855 -0.780046   40.3826,46.5324 1.96228 -178.84,8.54477 19.1626 50.0384
0.02,6.05552e-05 6.93277e-05    0.418285,-0.0072375 -0.0341668 -0.0286997,0.34 0.19    0, 0.34 -0.19     0,-0.34  0.19     0,-0.34 -0.19     0, 48.0238 -55.2571 -394.474, -28.747 -2.05119  131.223, 48.4423  29.5941 -331.187, 31.587 67.9632 170.506
0.03,  0.0001754 0.000231054    0.416344,-0.0298339  -0.108188 -0.0958905,0.34 0.19    0, 0.34 -0.19     0,-0.34  0.19     0,-0.34 -0.19     0, 16.1869 -119.359 -414.972,-48.1552 -3.31959  236.854, 16.5794  76.3319 -453.969,70.3114 132.415 329.964
0.04,0.000381425 0.000544215    0.413864,-0.0771259  -0.248003  -0.226145,0.34 0.19    0, 0.34 -0.19     0,-0.34  0.19     0,-0.34 -0.19     0,-39.8967 -196.382 -349.248, -55.369 -3.88965  319.831,-39.5372  135.207 -547.209,124.981 198.705 494.602
0.05,0.000704729  0.00105885    0.410981,-0.158147 -0.474485 -0.440342,0.34 0.19    0, 0.34 -0.19     0,-0.34  0.19     0,-0.34 -0.19     0, -110.71 -277.877 -221.561,-38.8744 -3.06577  342.705,-110.389  199.249 -610.932,195.857 253.021 630.612
0.06,0.00117141 0.00182502   0.407829,-0.281929 -0.808512 -0.759357,0.34 0.19    0, 0.34 -0.19     0,-0.34  0.19     0,-0.34 -0.19     0,-186.736 -355.395 -56.1707,  12.8424 -0.152363    268.03,-186.456  261.491 -645.163,283.204 281.549 704.186
0.07,0.00180758 0.00289275   0.404547,-0.457507  -1.27096  -1.20407,0.34 0.19    0, 0.34 -0.19     0,-0.34  0.19     0,-0.34 -0.19     0,-258.457 -420.484  122.663, 106.51 5.10383 71.5617, -258.22  314.962 -649.925,384.561  273.58 688.997
0.08,0.00263933 0.00431209   0.401269,-0.693911   -1.8827  -1.79536,0.34 0.19    0, 0.34 -0.19     0,-0.34  0.19     0,-0.34 -0.19     0,-316.357 -464.697  290.679, 187.867  7.69707 -101.729,-316.162  352.694 -625.244,464.722  259.75 658.553
0.09,0.00369276 0.00613309   0.398133,-1.00018 -2.66461 -2.55409,0.34 0.19    0, 0.34 -0.19     0,-0.34  0.19     0,-0.34 -0.19     0,-350.918 -479.582   423.62, 238.161  6.70711 -202.738,-350.763  367.718 -571.143,512.819 251.453 640.287
0.1,0.00499397 0.00840579   0.395273,-1.38534 -3.63756 -3.50116,0.34 0.19    0, 0.34 -0.19     0,-0.34  0.19     0,-0.34 -0.19     0,-352.624 -456.691  497.224, 256.891  2.99534 -232.469,-352.503  353.065 -487.646,528.852 248.687 634.198
0.11,0.00660368  0.0111728   0.392767,-1.85203  -4.8024 -4.63545,0.34 0.19    0, 0.34 -0.19     0,-0.34  0.19     0,-0.34 -0.19     0,-311.957 -387.574  487.233, 243.556 -2.57684 -191.925,-311.865  301.764 -374.779,512.819 251.453 640.287
0.12,0.00872065  0.0144468   0.390452,-2.37735 -6.07979 -5.86791,0.34 0.19    0, 0.34 -0.19     0,-0.34  0.19     0,-0.34 -0.19     0,  -219.4 -263.781  369.387, 197.656 -9.14803 -82.1087,-219.328  206.849 -232.565,464.722  259.75 658.553
0.13, 0.011578 0.0182332  0.388103,-2.93198 -7.37038 -7.08751,0.34 0.19    0, 0.34 -0.19     0,-0.34  0.19     0,-0.34 -0.19     0,-65.4364 -76.8624  119.425,  118.69 -15.8568  95.9756,-65.3743  61.3486 -61.0287,384.561  273.58 688.997
0.14, 0.015409 0.0225374  0.385498,-3.48661  -8.5748 -8.18321,0.34 0.19    0, 0.34 -0.19     0,-0.34  0.19     0,-0.34 -0.19     0, 129.951  154.724 -232.441, 24.8391 -20.8202   292.06, 127.531 -120.231  126.972,283.178 281.554 704.119
0.15,0.0204468 0.0273648  0.382412,-4.01195 -9.59368 -9.04397,0.34 0.19    0, 0.34 -0.19     0,-0.34  0.19     0,-0.34 -0.19     0, 279.242  348.897 -523.182,-28.5393   -20.98  363.329, 264.601 -272.431  289.837,195.713 253.048 630.242
0.16,0.0269246 0.0327207  0.378624,-4.47868 -10.3277 -9.55878,0.34 0.19    0, 0.34 -0.19     0,-0.34  0.19     0,-0.34 -0.19     0, 382.123   500.84 -741.697,-47.5699  -17.601  335.257, 346.598 -391.259  424.617,124.656 198.766 493.768
0.17,0.0350754 0.0386104   0.37391, -4.8575 -10.6774 -9.61658,0.34 0.19    0, 0.34 -0.19     0,-0.34  0.19     0,-0.34 -0.19     0,445.606 612.344 -890.09, -43.242 -12.2483  246.365, 382.268 -477.985  531.576,69.7813 132.515 328.602
0.18,0.0451326 0.0450394  0.368045, -5.1191 -10.5435 -9.10634,0.34 0.19    0, 0.34 -0.19     0,-0.34  0.19     0,-0.34 -0.19     0, 476.703  685.195 -970.467,-26.5449 -6.48713  135.177,380.357 -533.88  610.98,30.8638 68.0995 168.649
0.19,0.0573293 0.0520129  0.360808,-5.23417 -9.82664 -7.91704,0.34 0.19    0, 0.34 -0.19     0,-0.34  0.19     0,-0.34 -0.19     0, 482.428  721.183 -984.933,-8.46776 -1.88264  40.2147, 349.608 -560.214  663.092,7.67843 19.3258  47.813
0.2,0.0718986 0.0595364  0.351975,-5.17341 -8.42741 -5.93763,0.34 0.19    0, 0.34 -0.19     0,-0.34  0.19     0,-0.34 -0.19     0, 469.794  722.096 -935.595,-2.27374e-13            0 -2.27374e-13, 298.768 -558.259  688.177,-7.10543e-14 -1.13687e-13 -2.27374e-13
0.21,0.0890294 0.0676041  0.341453,-4.91822 -6.28811 -3.10502,0.34 0.19    0,   0.342296   -0.188613 -0.00125944,-0.34  0.19     0,  -0.336687   -0.190437 0.000940715, 445.814  689.723 -824.556,0 0 0, 236.582 -529.284    686.5,0 0 0
0.22, 0.108733 0.0761657  0.329677,-4.49282  -3.5175  0.45213,0.34 0.19    0,   0.349091   -0.184566 -0.00486405,-0.34  0.19     0, -0.326893  -0.191607 0.00363311, 417.501  625.853 -653.922,0 0 0, 171.795 -474.561  658.325,0 0 0
0.23, 0.130978 0.0851601  0.317213, -3.93214 -0.265988   4.55723,0.34 0.19    0,  0.360247  -0.178027 -0.0105533,-0.34  0.19     0, -0.310835  -0.193302 0.00788255,391.868 532.274  -425.8,0 0 0, 113.153 -395.359  603.916,0 0 0
0.24,  0.15573 0.0945257  0.304626,-3.27111  3.31601  9.03369,0.34 0.19    0,  0.375624  -0.169169 -0.0180665,-0.34  0.19     0,-0.288729 -0.195312 0.0134944, 375.927  410.774 -142.293,0 0 0,    69.4 -292.949  523.539,0 0 0
0.25,0.182956 0.104201 0.292482,-2.54465  7.07809  13.7049,0.34 0.19    0,  0.395084  -0.158159 -0.0271432,-0.34  0.19     0, -0.26079 -0.197428  0.020274,376.692 263.143 194.492,0 0 0, 49.2819 -168.603  417.456,0 0 0
0.26,0.212624 0.114126 0.281347,-1.78769  10.8698  18.3943,0.34 0.19    0,  0.418488  -0.145169 -0.0375227,-0.34  0.19     0,-0.227237  -0.19944 0.0280268,401.176 91.1694 582.451,0 0 0, 61.5439 -23.5905  285.934,0 0 0
0.27,0.244701 0.124238 0.271785,-1.03516  14.5409  22.9252,0.34 0.19    0,  0.445698  -0.130367 -0.0489445,-0.34  0.19     0,-0.188285 -0.201139 0.0365581, 452.582 -98.8548  1007.92,0 0 0,111.099 136.883 132.932,0 0 0
0.28,0.279153 0.134476 0.264363,-0.321997   17.9407   27.1212,0.34 0.19    0,  0.476574  -0.113925 -0.0611481,-0.34  0.19     0,-0.144151 -0.202316 0.0456734, 487.569 -249.152  1324.86,0 0 0,155.035 262.564 5.34162,0 0 0
0.29,0.315949 0.144779 0.259646,0.31688 20.9191 30.8055,0.34 0.19    0,  0.510977 -0.0960122 -0.0738728,-0.34  0.19     0,-0.0950513  -0.202761  0.0551778, 495.349 -347.937  1504.85,0 0 0,    181 343.249 -86.199,0 0 0
0.3,0.355055 0.155085   0.2582,0.846541  23.3254  33.8016,0.34 0.19    0,  0.548769 -0.0767982 -0.0868581,-0.34  0.19     0,-0.0412025  -0.202264  0.0648769, 480.169 -402.079  1567.32,0 0 0, 191.511  385.018 -146.187,0 0 0
0.31,0.396406 0.165344 0.260416,1.24106 25.0464 35.9771,0.34 0.19    0,  0.589812 -0.0564532 -0.0998434,-0.34  0.19     0,0.0171791 -0.200617  0.074576, 446.277 -418.452  1531.68,0 0 0,189.082 393.951 -179.12,0 0 0
0.32,0.439807 0.175552 0.265987,1.51054 26.1164 37.3768,0.34 0.19    0, 0.633966 -0.035147 -0.112568,-0.34  0.19     0,0.0798768  -0.19761 0.0840805, 397.919 -403.927  1417.34,0 0 0,  176.23  376.128 -189.494,0 0 0
0.33, 0.48503 0.185713 0.274431,1.67407 26.6069 38.0894,0.34 0.19    0,  0.681092 -0.0130498  -0.124772,-0.34  0.19     0, 0.146674 -0.193034 0.0931957, 339.344 -365.376  1243.74,0 0 0, 155.468   337.63 -181.806,0 0 0
0.34,0.531847 0.195834 0.285266,1.75077 26.5892 38.2041,0.34 0.19    0,  0.731051 0.00966869  -0.136193,-0.34  0.19     0, 0.217355 -0.186679  0.101727,274.798 -309.67 1030.28,0 0 0, 129.314  284.537 -160.553,0 0 0
0.35,0.580032  0.20592 0.298011,1.75972 26.1348 37.8095,0.34 0.19    0, 0.783706 0.0328384 -0.146573,-0.34  0.19     0, 0.291702 -0.178336   0.10948,208.529 -243.68 796.379,0 0 0, 100.283   222.93 -130.232,0 0 0
0.36,0.629355 0.215977 0.312183,1.72003 25.3151 36.9948,0.34 0.19    0, 0.838916 0.0562893  -0.15565,-0.34  0.19     0,   0.3695 -0.167795  0.116259,144.785 -174.28 561.465,0 0 0, 70.8887   158.89 -95.3403,0 0 0
0.37,0.679589 0.226011 0.327302,1.65081 24.2015 35.8487,0.34 0.19    0, 0.896544 0.0798516 -0.163163,-0.34  0.19     0, 0.450531 -0.154848  0.121871,87.8127 -108.34 344.952,0 0 0,  43.648  98.4963 -60.3743,0 0 0
0.38,0.730507 0.236028 0.342885,1.57115 22.8654 34.4603,0.34 0.19    0,  0.95645  0.103355 -0.168852,-0.34  0.19     0, 0.534579 -0.139285  0.126121, 41.8595 -52.7323  166.257,0 0 0,21.0761 47.8298 -29.831,0 0 0
0.39,0.781881 0.246033  0.35845,1.50016 21.3782 32.9184,0.34 0.19    0,   1.0185   0.12663 -0.172457,-0.34  0.19     0, 0.621428 -0.120896  0.128813, 11.1728 -14.3284  44.8008,0 0 0, 5.68826  12.9708 -8.20722,0 0 0
0.4,0.833482 0.256033 0.373517,1.45694 19.8113 31.3119,0.34 0.19    0,  1.08254  0.149507 -0.173716,-0.34  0.19     0,  0.710862 -0.0994714   0.129754,-4.54747e-13  1.81899e-12            0,0 0 0,-2.27374e-13 -9.09495e-13  2.27374e-13,0 0 0
0.41,0.885123 0.266031 0.387682,1.45726 18.2244 29.7146,  0.346958   0.192585 0.00172959,  1.14996  0.172381 -0.172677,  -0.332371    0.191425 0.000844592,  0.804775 -0.0743551   0.128818,0 0 0,0 0 0,0 0 0,0 0 0
0.42,0.936764  0.27603 0.400868,1.50362 16.6304  28.139,  0.367262        0.2 0.00667979,  1.22165  0.195648 -0.169703, -0.310122   0.195583 0.00326187,  0.904445 -0.0453984   0.126141,0 0 0,0 0 0,0 0 0,0 0 0
0.43,0.988405 0.286028 0.413072,1.59519 15.0304 26.5826, 0.400059  0.211737 0.0144927,  1.29679  0.219139 -0.165009,-0.274208    0.2023 0.0070771,   1.00873 -0.0131559   0.121915,0 0 0,0 0 0,0 0 0,0 0 0
0.44, 1.04005 0.296027 0.424295,1.73114 13.4256 25.0428, 0.444495  0.227286 0.0248106,  1.37452  0.242685 -0.158811,-0.225583  0.211402 0.0121155,  1.11648 0.0218179  0.116334,0 0 0,0 0 0,0 0 0,0 0 0
0.45, 1.09169 0.306025 0.434538,1.91064 11.8171  23.517, 0.499719  0.246139 0.0372756,  1.45403  0.266116 -0.151322,-0.165203  0.222714 0.0182024,  1.22657 0.0589683  0.109591,0 0 0,0 0 0,0 0 0,0 0 0
0.46, 1.14333 0.316024   0.4438,2.13287 10.2062 22.0026, 0.564875  0.267786 0.0515298,  1.53446  0.289263 -0.142759,-0.0940225   0.236062   0.025163,  1.33783 0.0977409  0.101881,0 0 0,0 0 0,0 0 0,0 0 0
0.47, 1.19498 0.326023 0.452081,2.39698 8.59392  20.497,  0.63911  0.291718 0.0672153,  1.61499  0.311956 -0.133335,-0.0129971   0.251271  0.0328226,  1.44914  0.137581 0.0933965,0 0 0,0 0 0,0 0 0,0 0 0
0.48, 1.24662 0.336021 0.459381,2.70217 6.98144 18.9976, 0.721572  0.317427 0.0839744,  1.69478  0.334027 -0.123267,0.0769184  0.268167 0.0410064,  1.55934  0.177934 0.0843313,0 0 0,0 0 0,0 0 0,0 0 0
0.49, 1.29826  0.34602 0.465701,3.04758 5.36993 17.5018,0.811407 0.344404 0.101449,  1.77299  0.355305 -0.112769, 0.174769  0.286575 0.0495397,   1.6673  0.218246 0.0748791,0 0 0,0 0 0,0 0 0,0 0 0
0.5, 1.34991 0.356019 0.471039,3.43241 3.76054 16.0071,0.907762 0.372138 0.119282,  1.84879  0.375621 -0.102056, 0.279599  0.306322 0.0582477,  1.77187  0.257962 0.0652332,0 0 0,0 0 0,0 0 0,0 0 0
0.51, 1.40155 0.366018 0.475397,3.85604 2.15444 14.5109, 1.00978 0.400122 0.137115,   1.92133   0.394807 -0.0913422, 0.390454  0.327233 0.0669558,  1.87191  0.296527 0.0555874,0 0 0,0 0 0,0 0 0,0 0 0
0.52,  1.4532 0.376017 0.478774, 4.31879 0.552827  13.0108, 1.11662 0.427847 0.154589,  1.98979  0.412692 -0.080844, 0.506379  0.349133 0.0754891,  1.96627  0.333387 0.0461351,0 0 0,0 0 0,0 0 0,0 0 0
0.53, 1.50484 0.386016 0.481171, 4.82122 -1.04309  11.5046, 1.22741 0.454803 0.171348,   2.05333   0.429107 -0.0707756, 0.626418  0.371848 0.0836729, 2.05381 0.367988  0.03707,0 0 0,0 0 0,0 0 0,0 0 0
0.54, 1.55649 0.396015 0.482587,5.36386 -2.6321 9.98976, 1.34131 0.480481 0.187034,   2.11111   0.443883 -0.0613523, 0.749617  0.395204 0.0913324,  2.13339  0.399774 0.0285855,0 0 0,0 0 0,0 0 0,0 0 0
0.55, 1.60813 0.406014 0.483022,5.94726  -4.213 8.46413, 1.45746 0.504373 0.201288,    2.1623   0.456851 -0.0527888,0.875021 0.419026 0.098293,  2.20386  0.428191 0.0208753,0 0 0,0 0 0,0 0 0,0 0 0
0.56, 1.65978 0.416013 0.482476, 6.57198 -5.78457  6.92534, 1.57501 0.525969 0.213753,   2.20605    0.46784 -0.0453003, 1.00167 0.443139  0.10438,  2.26408  0.452685 0.0141329,0 0 0,0 0 0,0 0 0,0 0 0
0.57, 1.71143 0.426012 0.480949,7.23855 -7.3456 5.37108, 1.69311 0.544761 0.224071,   2.24154   0.476683 -0.0391016, 1.12862  0.46737 0.109418,   2.31291   0.472702 0.00855187,0 0 0,0 0 0,0 0 0,0 0 0
0.58, 1.76307 0.436011 0.478442, 7.94753 -8.89488  3.79903,  1.8109 0.560239 0.231884,   2.26792   0.483208 -0.0344079, 1.25491 0.491545 0.113234,   2.34921   0.487686 0.00432577,0 0 0,0 0 0,0 0 0,0 0 0
0.59, 1.81472 0.446011 0.474954, 8.69946 -10.4312  2.20687, 1.92753 0.571894 0.236834,   2.28436   0.487248 -0.0314339, 1.37958 0.515487 0.115651,   2.37182   0.497083 0.00164817,0 0 0,0 0 0,0 0 0,0 0 0
0.6, 1.86637  0.45601 0.470485, 9.49489 -11.9534 0.592268, 2.04215 0.579217 0.238564,   2.29003   0.488632 -0.0303949, 1.50168 0.539024 0.116495,    2.37961    0.500338 0.000712619,0 0 0,0 0 0,0 0 0,0 0 0
0.61, 1.91801  0.46601 0.465075, 10.3265 -13.4561 -1.04737, 2.15673 0.581982 0.236839,   2.29003   0.488632 -0.0303949, 1.62328 0.562563 0.115653,    2.37961    0.500338 0.000712619,0 0 0, 39.3377 -51.4576 -43.7943,0 0 0,-13.0506    -0.16  37.1821
0.62, 1.96964 0.476014 0.458915, 11.1558 -14.9175 -2.71583, 2.27327  0.58059 0.231902,   2.29003   0.488632 -0.0303949,1.74653 0.58651 0.11324,    2.37961    0.500338 0.000712619,0 0 0, 129.899  -171.53 -142.344,0 0 0,-40.7398 -4.37067  125.855
0.63, 2.02123 0.486027 0.452239, 11.9361  -16.312 -4.41717, 2.39091 0.575475 0.224111,   2.29003   0.488632 -0.0303949, 1.87058 0.610692 0.109433,    2.37961    0.500338 0.000712619,0 0 0, 230.507 -308.764 -246.401,0 0 0,-65.8734  -18.228  231.711
0.64, 2.07277 0.496052 0.445278, 12.6211 -17.6136 -6.15545, 2.50881 0.567072 0.213822,   2.29003   0.488632 -0.0303949, 1.99456 0.634932 0.104405,    2.37961    0.500338 0.000712619,0 0 0, 299.985 -411.711 -306.715,0 0 0,-71.2575 -47.3281  320.438
0.65, 2.12423 0.506093 0.438264, 13.1643 -18.7965 -7.93473, 2.62612 0.555814 0.201392,   2.29003   0.488632 -0.0303949,  2.11764  0.659058 0.0983303,    2.37961    0.500338 0.000712619,0 0 0, 297.154 -428.918 -274.037,0 0 0, -39.698 -97.2668  357.728
0.66,  2.1756 0.516156 0.431429, 13.5193 -19.8349 -9.75908, 2.74201 0.542135 0.187177,   2.29003   0.488632 -0.0303949,  2.23895  0.682893 0.0913839,    2.37961    0.500338 0.000712619,0 0 0, 180.837 -308.934 -99.1175,0 0 0,45.9991 -173.64 309.272
0.67, 2.22686 0.526242 0.425005, 13.6395 -20.7029 -11.6325, 2.85561 0.526471 0.171535,   2.29003   0.488632 -0.0303949, 2.35765 0.706264  0.08374,    2.37961    0.500338 0.000712619,0 0 0,-74.7866 -18.7262  247.841,0 0 0, 195.491 -278.122  152.086
0.68,   2.278 0.536358 0.419224, 13.4785 -21.3748 -13.5592, 2.96608 0.509254 0.154822,   2.29003   0.488632 -0.0303949, 2.47288 0.728995 0.075573,    2.37961    0.500338 0.000712619,0 0 0,-299.07 238.468 548.637,0 0 0, 322.895 -363.662  9.26584
0.69, 2.32899 0.546507 0.414318,   12.99 -21.8247 -15.5431, 3.07258  0.49092 0.137396,   2.29003   0.488632 -0.0303949,  2.58379  0.750911 0.0670571,    2.37961    0.500338 0.000712619,0 0 0,-433.64 392.784 729.114,0 0 0, 399.338 -414.986 -76.4265
0.7, 2.37982 0.556693 0.410519, 12.1272 -22.0268 -17.5884, 3.17426 0.471902 0.119613,   2.29003   0.488632 -0.0303949,  2.68953  0.771839 0.0583669,    2.37961    0.500338 0.000712619,0 0 0,-478.496  444.223  789.273,0 0 0, 424.819 -432.094 -104.991
0.71, 2.43047 0.566918 0.407982, 10.8581 -21.9649 -19.6975, 3.27028 0.452635 0.101829,   2.29003   0.488632 -0.0303949,  2.78924  0.791603 0.0496767,    2.37961    0.500338 0.000712619,0 0 0,-433.64 392.784 729.114,0 0 0, 399.338 -414.986 -76.4265
0.72, 2.48096 0.577181 0.406552, 9.20702 -21.6617 -21.8671, 3.35978 0.433552 0.084403,   2.29003   0.488632 -0.0303949,  2.88208  0.810028 0.0411609,    2.37961    0.500338 0.000712619,0 0 0,-299.07 238.468 548.637,0 0 0, 322.895 -363.662  9.26584
0.73,  2.5313 0.587476 0.405996, 7.21241 -21.1496 -24.0924,  3.44193  0.415089 0.0676904,   2.29003   0.488632 -0.0303949,  2.96718   0.82694 0.0329938,    2.37961    0.500338 0.000712619,0 0 0,-74.7866 -18.7262  247.841,0 0 0, 195.491 -278.122  152.086
0.74, 2.58151 0.597801 0.406084, 4.91284 -20.4608 -26.3684,  3.51586  0.397678 0.0520483,   2.29003   0.488632 -0.0303949,  3.04371  0.842164 0.0253499,    2.37961    0.500338 0.000712619,0 0 0, 180.837 -308.934 -99.1175,0 0 0,45.9991 -173.64 309.272
0.75, 2.63162  0.60815 0.406583, 2.34688 -19.6278 -28.6904,  3.58075  0.381755 0.0378336,   2.29003   0.488632 -0.0303949,   3.1108  0.855525 0.0184035,    2.37961    0.500338 0.000712619,0 0 0, 297.154 -428.918 -274.037,0 0 0, -39.698 -97.2668  357.728
0.76, 2.68163  0.61852 0.407261,-0.446959  -18.6828  -31.0534,  3.63574  0.367753 0.0254032,   2.29003   0.488632 -0.0303949,   3.1676  0.866849 0.0123291,    2.37961    0.500338 0.000712619,0 0 0, 299.985 -411.711 -306.715,0 0 0,-71.2575 -47.3281  320.438
0.77, 2.73158 0.628906 0.407886,-3.43012 -17.6582 -33.4526, 3.67998 0.356107 0.015114,   2.29003   0.488632 -0.0303949,   3.21326    0.87596 0.00730099,    2.37961    0.500338 0.000712619,0 0 0, 230.507 -308.764 -246.401,0 0 0,-65.8734  -18.228  231.711
0.78, 2.78146 0.639304 0.408227,-6.56407 -16.5864 -35.8831,   3.71262   0.347251 0.00732266,   2.29003   0.488632 -0.0303949,   3.24694   0.882685 0.00349357,    2.37961    0.500338 0.000712619,0 0 0, 129.899  -171.53 -142.344,0 0 0,-40.7398 -4.37067  125.855
0.79, 2.83132 0.649711  0.40805,-9.81027 -15.4996   -38.34,   3.73283   0.341619 0.00238619,   2.29003   0.488632 -0.0303949,   3.26777   0.886848 0.00108124,    2.37961    0.500338 0.000712619,0 0 0, 39.3377 -51.4576 -43.7943,0 0 0,-13.0506    -0.16  37.1821
0.8, 2.88115 0.660122 0.407125,-13.1302 -14.4302 -40.8186,    3.73976    0.339645 0.000661398,   2.29003   0.488632 -0.0303949,     3.2749    0.888274 0.000238372,    2.37961    0.500338 0.000712619,0 0 0, 6.82121e-13            0 -4.54747e-13,0 0 0,           0 -5.68434e-14  2.27374e-13
0.81, 2.93103 0.670498 0.405308,-16.4811 -13.4051 -43.3111,    3.73976    0.339645 0.000661398,   2.29699   0.488073 -0.0292367,     3.2749    0.888274 0.000238372,    2.3838   0.501578 0.00219634,-13.431  7.9361 50.7106,0 0 0,25.1781 -15.946 50.2294,0 0 0
0.82, 2.98121  0.68066 0.402805,-19.8035 -12.4286 -45.7995,    3.73976    0.339645 0.000661398,   2.31741   0.486442 -0.0259218,     3.2749    0.888274 0.000238372,   2.39623   0.505169 0.00644286,-42.8674  25.9109  170.581,0 0 0, 90.7848 -58.8285  181.329,0 0 0
0.83,   3.032 0.690392 0.399913,-23.0339 -11.4998 -48.2629,    3.73976    0.339645 0.000661398, 2.35062 0.483808 -0.02069,     3.2749    0.888274 0.000238372,  2.41674  0.510914 0.0131452,-72.0241  45.1742   311.22,0 0 0, 181.928 -121.214  363.916,0 0 0
0.84, 3.08368 0.699481 0.396928,-26.1086 -10.6176 -50.6803,    3.73976    0.339645 0.000661398,   2.39592   0.480241 -0.0137807,     3.2749    0.888274 0.000238372,  2.44513   0.51862 0.0219964,-84.6162  56.9758  424.234,0 0 0,283.717 -195.67 568.608,0 0 0
0.85, 3.13657 0.707711 0.394144, -28.964 -9.78088  -53.031,    3.73976    0.339645 0.000661398,    2.45264     0.47581 -0.00543371,     3.2749    0.888274 0.000238372,  2.48124  0.528092 0.0326894,-64.3588  52.5654  461.233,0 0 0, 381.259 -274.762  766.022,0 0 0
0.86, 3.19097 0.714867 0.391859,-31.5364 -8.98862  -55.294,    3.73976    0.339645 0.000661398,   2.52008   0.470585 0.00411143,     3.2749    0.888274 0.000238372,  2.52487  0.539134 0.0449173,5.03322 23.1928 373.825,0 0 0, 459.664 -351.058  926.776,0 0 0
0.87, 3.24717 0.720736 0.390367,-33.7623 -8.23976 -57.4485,    3.73976    0.339645 0.000661398,  2.59756  0.464634 0.0146151,     3.2749    0.888274 0.000238372,  2.57586  0.551551 0.0583732, 133.063 -36.4881  130.169,0 0 0, 505.941 -416.948  1025.06,0 0 0
0.88, 3.30548 0.725103 0.389963,-35.5781 -7.53323 -59.4737,    3.73976    0.339645 0.000661398,   2.6844  0.458028 0.0258376,     3.2749    0.888274 0.000238372,2.63401 0.56515 0.07275, 243.028 -88.3805 -88.6032,0 0 0, 534.347 -464.909  1086.61,0 0 0
0.89,  3.3662 0.727753 0.390945,-36.9201 -6.86797 -61.3485,    3.73976    0.339645 0.000661398,  2.77991  0.450835 0.0375394,     3.2749    0.888274 0.000238372,  2.69915  0.579735 0.0877407, 309.006 -119.516 -219.867,0 0 0, 551.391 -493.686  1123.54,0 0 0
0.9, 3.42963 0.728471 0.393607,-37.7246 -6.24292 -63.0522,    3.73976    0.339645 0.000661398,  2.88342  0.443125 0.0494808,     3.2749    0.888274 0.000238372, 2.77111  0.59511 0.103038, 330.999 -129.894 -263.621,0 0 0, 557.073 -503.278  1135.85,0 0 0
0.91, 3.49597 0.727114 0.398147,-37.9489 -5.65634 -64.5704,    3.73976    0.339645 0.000661398,  2.99422  0.434968 0.0614222,     3.2749    0.888274 0.000238372, 2.84969 0.611082 0.118336, 309.006 -119.516 -219.867,0 0 0, 551.391 -493.686  1123.54,0 0 0
0.92, 3.56501 0.723825 0.404367,-37.6327 -5.10373 -65.9148,    3.73976    0.339645 0.000661398, 3.11165 0.426432 0.073124,     3.2749    0.888274 0.000238372, 2.93472 0.627455 0.133327, 243.028 -88.3805 -88.6032,0 0 0, 534.347 -464.909  1086.61,0 0 0
0.93, 3.63647  0.71882 0.411972,-36.8367 -4.57993 -67.1034,    3.73976    0.339645 0.000661398,  3.23501  0.417588 0.0843465,     3.2749    0.888274 0.000238372, 3.02602 0.644035 0.147704, 133.063 -36.4881  130.169,0 0 0, 505.941 -416.948  1025.06,0 0 0
0.94, 3.71003 0.712312 0.420666,-35.6215 -4.07975 -68.1543,    3.73976    0.339645 0.000661398,  3.36362  0.408503 0.0948502,     3.2749    0.888274 0.000238372, 3.12342 0.660626 0.161159,5.03322 23.1928 373.825,0 0 0, 459.664 -351.058  926.776,0 0 0
0.95,  3.7854 0.704516 0.430154,-34.0476 -3.59804 -69.0858,    3.73976    0.339645 0.000661398, 3.49679 0.399249 0.104395,     3.2749    0.888274 0.000238372, 3.22672 0.677033 0.173387,-64.3588  52.5654  461.233,0 0 0, 381.259 -274.762  766.022,0 0 0
0.96, 3.86228 0.695647 0.440139,-32.1756  -3.1296 -69.9159,    3.73976    0.339645 0.000661398, 3.63385 0.389894 0.112742,     3.2749    0.888274 0.000238372, 3.33575 0.693063  0.18408,-84.6162  56.9758  424.234,0 0 0,283.717 -195.67 568.608,0 0 0
0.97, 3.94036  0.68592 0.450327,-30.0662 -2.66927 -70.6628,    3.73976    0.339645 0.000661398, 3.77411 0.380508 0.119652,     3.2749    0.888274 0.000238372, 3.45032 0.708519 0.192932,-72.0241  45.1742   311.22,0 0 0, 181.928 -121.214  363.916,0 0 0
0.98, 4.01934 0.675549 0.460421,  -27.78 -2.21188 -71.3446,    3.73976    0.339645 0.000661398, 3.91687 0.371159 0.124883,     3.2749    0.888274 0.000238372, 3.57027 0.723207 0.199634,-42.8674  25.9109  170.581,0 0 0, 90.7848 -58.8285  181.329,0 0 0
0.99, 4.09892 0.664748 0.470126,-25.3775 -1.75225 -71.9795,    3.73976    0.339645 0.000661398, 4.06147 0.361918 0.128198,     3.2749    0.888274 0.000238372, 3.69541 0.736932  0.20388,-13.431  7.9361 50.7106,0 0 0,25.1781 -15.946 50.2294,0 0 0
1, 4.17881 0.653733 0.479145,-22.9193 -1.28522 -72.5855,    3.73976    0.339645 0.000661398,  4.2072 0.352854 0.129356,     3.2749    0.888274 0.000238372, 3.82556   0.7495 0.205364,-1.13687e-13 -5.68434e-14 -4.54747e-13,0 0 0,           0 -1.13687e-13            0,0 0 0
1.01, 4.25875 0.642682 0.487234,  -20.456 -0.806512  -73.1778,   3.74963   0.339551 0.00190726, 4.35691 0.343811 0.128403,   3.28717   0.888171 0.00216133, 3.96358 0.761047  0.20388,0 0 0,0 0 0,0 0 0,0 0 0
1.02, 4.33868 0.631631 0.494342, -17.9974 -0.315552  -73.7592, 3.77836 0.339277 0.005473, 4.51288 0.334631 0.125674,    3.3228   0.887868 0.00766497, 4.11124 0.771855 0.199632,0 0 0,0 0 0,0 0 0,0 0 0
1.03, 4.41862  0.62058 0.500469,-15.5435 0.187337 -74.3297,  3.82463  0.338836 0.0111008,  4.6736  0.32538 0.121366,  3.37999  0.887378 0.0163514, 4.26675 0.781938 0.192928,0 0 0,0 0 0,0 0 0,0 0 0
1.04, 4.49855 0.609529 0.505616,-13.0942 0.701825 -74.8891,   3.8871  0.338243 0.0185331, 4.83756 0.316122 0.115678,  3.45696  0.886714 0.0278229,  4.4283 0.791312 0.184075,0 0 0,0 0 0,0 0 0,0 0 0
1.05, 4.57849 0.598478 0.509783,-10.6494  1.22758 -75.4372,  3.96446  0.337511 0.0275118, 5.00325 0.306922 0.108806,  3.55192  0.885889 0.0416814, 4.59406 0.799994 0.173379,0 0 0,0 0 0,0 0 0,0 0 0
1.06, 4.65843 0.587427 0.512968, -8.2089  1.76429 -75.9741,  4.05537  0.336654 0.0377794, 5.16917 0.297845 0.100947,  3.66308  0.884915 0.0575292, 4.76224    0.808 0.161148,0 0 0,0 0 0,0 0 0,0 0 0
1.07, 4.73836 0.576376 0.515174,-5.77262  2.31161 -76.4994,  4.15852  0.335685 0.0490781,  5.33382  0.288955 0.0922991,  3.78865  0.883805 0.0749685, 4.93103 0.815345 0.147688,0 0 0,0 0 0,0 0 0,0 0 0
1.08,  4.8183 0.565325 0.516398,-3.34045  2.86922 -77.0132,  4.27257  0.334618 0.0611501,  5.49568  0.280319 0.0830595,  3.92685  0.882572 0.0936013, 5.09861 0.822046 0.133308,0 0 0,0 0 0,0 0 0,0 0 0
1.09, 4.89823 0.554273 0.516642,-0.912265   3.43678  -77.5152,  4.39621  0.333466 0.0737376,  5.65326  0.272001 0.0734252, 4.07588 0.881228  0.11303, 5.26318 0.828119 0.118313,0 0 0,0 0 0,0 0 0,0 0 0
1.1, 4.97817 0.543222 0.515906, 1.51205  4.01398 -78.0054,   4.5281  0.332243 0.0865828,  5.80503  0.264065 0.0635937, 4.23396 0.879785 0.132856, 5.42293 0.833579 0.103011,0 0 0,0 0 0,0 0 0,0 0 0
1.11, 5.05811 0.532171 0.514189, 3.93263  4.60049 -78.4836,  4.66692  0.330963 0.0994281,   5.9495  0.256577 0.0537621, 4.39929 0.878257 0.152682,  5.57606  0.838444 0.0877095,0 0 0,0 0 0,0 0 0,0 0 0
1.12, 5.13804  0.52112 0.511491, 6.34967    5.196 -78.9497, 4.81134  0.32964 0.112016,  6.08516  0.249602 0.0441279,  4.5701 0.876656 0.172111,  5.72074  0.842728 0.0727147,0 0 0,0 0 0,0 0 0,0 0 0
1.13, 5.21798 0.510068 0.507813, 8.76341   5.8002 -79.4038, 4.96004 0.328286 0.124087,  6.21051  0.243204 0.0348882, 4.74458 0.874995 0.190744,  5.85517  0.846448 0.0583342,0 0 0,0 0 0,0 0 0,0 0 0
1.14, 5.29791 0.499017 0.503155, 11.1741  6.41279 -79.8456,  5.1117 0.326916 0.135386,  6.32402  0.237448 0.0262404, 4.92097 0.873286 0.208183,  5.97755   0.84962 0.0448748,0 0 0,0 0 0,0 0 0,0 0 0
1.15, 5.37785 0.487966 0.497515, 13.5818  7.03346 -80.2753, 5.26498 0.325542 0.145654,  6.42421    0.2324 0.0183817, 5.09745 0.871541 0.224031,  6.08607  0.852261 0.0326436,0 0 0,0 0 0,0 0 0,0 0 0
1.16, 5.45779 0.476914 0.490895,  15.987  7.66192 -80.6926, 5.41856  0.32418 0.154633,  6.50956  0.228124 0.0115095, 5.27225 0.869775 0.237889,  6.17891  0.854385 0.0219477,0 0 0,0 0 0,0 0 0,0 0 0
1.17, 5.53772 0.465863 0.483295, 18.3897  8.29785 -81.0976, 5.57113 0.322842 0.162065,   6.57857   0.224685 0.00582101, 5.44358 0.867998 0.249361,  6.25427  0.856009 0.0130942,0 0 0,0 0 0,0 0 0,0 0 0
1.18, 5.61766 0.454811 0.474714, 20.7902  8.94094 -81.4902, 5.72134 0.321542 0.167693,   6.62973   0.222149 0.00151355, 5.60965 0.866224 0.258047,   6.31033   0.857149 0.00639005,0 0 0,0 0 0,0 0 0,0 0 0
1.19, 5.69759  0.44376 0.465152, 23.1888   9.5909 -81.8703, 5.86788 0.320293 0.171258,    6.66152    0.220579 -0.00121561, 5.76867 0.864466 0.263551,    6.3453   0.857822 0.00214241,0 0 0,0 0 0,0 0 0,0 0 0
1.2, 5.77753 0.432708  0.45461, 25.5855  10.2474 -82.2379, 6.00941  0.31911 0.172504,    6.67246    0.220041 -0.00216917, 5.91886 0.862735 0.265474,   6.35736   0.858042 0.00065829,0 0 0,0 0 0,0 0 0,0 0 0
1.21, 5.85742 0.421689 0.443142, 27.9706  10.9087 -82.5896, 6.14819 0.317975 0.171251,    6.67246    0.220041 -0.00216917, 6.06228 0.861003 0.264085,   6.35736   0.858042 0.00065829,0 0 0,-22.8687  19.4855  48.3477,0 0 0,  8.2246 -6.15938  27.8618
1.22, 5.93704 0.410868 0.431022, 30.2931  11.5667 -82.9091, 6.28681 0.316865 0.167663,    6.67246    0.220041 -0.00216917, 6.20194 0.859238 0.260109,   6.35736   0.858042 0.00065829,0 0 0,-83.2202   71.535   175.08,0 0 0, 26.3202 -20.9324  93.3572
1.23, 6.01613 0.400443 0.418577, 32.4921  12.2119 -83.1767, 6.42453 0.315783 0.162001,    6.67246    0.220041 -0.00216917, 6.33746 0.857455 0.253833,   6.35736   0.858042 0.00065829,0 0 0,-168.673  146.538   352.73,0 0 0, 44.4196 -38.7616  169.351
1.24, 6.09442  0.39061 0.406138,34.5065  12.835 -83.373,  6.5606 0.314734 0.154523,    6.67246    0.220041 -0.00216917, 6.46845 0.855666 0.245546,   6.35736   0.858042 0.00065829,0 0 0,-266.845  234.884  553.832,0 0 0, 52.6556 -54.0891  228.709
1.25, 6.17165 0.381568 0.394031, 36.2754  13.4263 -83.4782,6.69425 0.31372 0.14549,    6.67246    0.220041 -0.00216917, 6.59451 0.853885 0.235534,   6.35736   0.858042 0.00065829,0 0 0,-365.354  326.963   750.92,0 0 0, 41.1608 -61.3575  244.296
1.26, 6.24754 0.373514 0.382585, 37.7379  13.9764 -83.4727, 6.82475 0.312746 0.135159,    6.67246    0.220041 -0.00216917, 6.71526 0.852123 0.224085,   6.35736   0.858042 0.00065829,0 0 0,-451.82 413.165 916.526,0 0 0,0.068104  -55.009  188.977
1.27, 6.32183 0.366647 0.372129,38.8327 14.4757 -83.337, 6.95133 0.311815 0.123791,    6.67246    0.220041 -0.00216917, 6.83031 0.850395 0.211486,   6.35736   0.858042 0.00065829,0 0 0,-514.796  484.027  1026.06,0 0 0,-76.4095 -31.2752   45.089
1.28, 6.39425 0.361163 0.362991, 39.4991  14.9149 -83.0515, 7.07323  0.31093 0.111646,    6.67246    0.220041 -0.00216917, 6.93926 0.848714 0.198025,   6.35736   0.858042 0.00065829,0 0 0,-557.757  534.725  1097.54,0 0 0,-142.172 -9.50463 -83.3169
1.29, 6.46454 0.357261 0.355499,  39.676  15.2844 -82.5964,  7.18972  0.310096 0.0989812,    6.67246    0.220041 -0.00216917, 7.04174 0.847092 0.183989,   6.35736   0.858042 0.00065829,0 0 0,-583.533  565.144  1140.43,0 0 0,-181.63 3.55771 -160.36
1.3, 6.53242 0.355138 0.349981, 39.3024  15.5746 -81.9523,  7.30003  0.309315 0.0860574,    6.67246    0.220041 -0.00216917, 7.13735 0.845542 0.169666,   6.35736   0.858042 0.00065829,0 0 0,-592.125  575.284  1154.73,0 0 0,-194.782  7.91183 -186.042
1.31, 6.59773 0.354926 0.346658, 38.3376    15.78 -81.1062,  7.40341  0.308591 0.0731336,    6.67246    0.220041 -0.00216917,  7.2257 0.844079 0.155343,   6.35736   0.858042 0.00065829,0 0 0,-583.533  565.144  1140.43,0 0 0,-181.63 3.55771 -160.36
1.32, 6.66064 0.356493 0.345309, 36.8224  15.9098 -80.0725,   7.4991  0.307929 0.0604692,    6.67246    0.220041 -0.00216917,  7.3064 0.842713 0.141307,   6.35736   0.858042 0.00065829,0 0 0,-557.757  534.725  1097.54,0 0 0,-142.172 -9.50463 -83.3169
1.33, 6.72141 0.359642 0.345606, 34.8179  15.9773 -78.8721,  7.58636  0.307331 0.0483234,    6.67246    0.220041 -0.00216917, 7.37906  0.84146 0.127846,   6.35736   0.858042 0.00065829,0 0 0,-514.796  484.027  1026.06,0 0 0,-76.4095 -31.2752   45.089
1.34, 6.78032 0.364174 0.347221, 32.3852  15.9957 -77.5261,  7.66443  0.306801 0.0369557,    6.67246    0.220041 -0.00216917,  7.4433 0.840331 0.115247,   6.35736   0.858042 0.00065829,0 0 0,-451.82 413.165 916.526,0 0 0,0.068104  -55.009  188.977
1.35, 6.83762 0.369892 0.349825, 29.5854  15.9781 -76.0554,  7.73256  0.306342 0.0266253,    6.67246    0.220041 -0.00216917, 7.49872  0.83934 0.103798,   6.35736   0.858042 0.00065829,0 0 0,-365.354  326.963   750.92,0 0 0, 41.1608 -61.3575  244.296
1.36, 6.89359 0.376599 0.353091, 26.4796  15.9376 -74.4811,  7.78999  0.305959 0.0175916,    6.67246    0.220041 -0.00216917,  7.54494    0.8385 0.0937859,   6.35736   0.858042 0.00065829,0 0 0,-266.845  234.884  553.832,0 0 0, 52.6556 -54.0891  228.709
1.37,  6.9485 0.384097 0.356689,  23.129  15.8876 -72.8242,  7.83597  0.305655 0.0101139,    6.67246    0.220041 -0.00216917,  7.58157  0.837824 0.0854985,   6.35736   0.858042 0.00065829,0 0 0,-168.673  146.538   352.73,0 0 0, 44.4196 -38.7616  169.351
1.38,  7.0026 0.392188 0.360292, 19.5945  15.8411 -71.1058,   7.86974   0.305433 0.00445167,    6.67246    0.220041 -0.00216917, 7.60821 0.837325 0.079223,   6.35736   0.858042 0.00065829,0 0 0,-83.2202   71.535   175.08,0 0 0, 26.3202 -20.9324  93.3572
1.39, 7.05617 0.400673 0.363571, 15.9374  15.8114 -69.3468,    7.89056    0.305298 0.000864131,    6.67246    0.220041 -0.00216917, 7.62448 0.837016 0.075247,   6.35736   0.858042 0.00065829,0 0 0,-22.8687  19.4855  48.3477,0 0 0,  8.2246 -6.15938  27.8618
1.4, 7.10947 0.409357 0.366198, 12.2187  15.8116 -67.5682,     7.89766     0.305252 -0.000389347,    6.67246    0.220041 -0.00216917,  7.62999   0.83691 0.0738578,   6.35736   0.858042 0.00065829,0 0 0,-1.13687e-13            0            0,0 0 0,-5.68434e-14 -5.68434e-14  2.27374e-13
1.41, 7.16274  0.41804 0.367944,  8.4973  15.8507 -65.7879,     7.89766     0.305252 -0.000389347,     6.6798    0.219102 -0.00141434,  7.62999   0.83691 0.0738578,   6.36372   0.856085 0.00245078, 3.49643 -24.4928  36.5066,0 0 0,-27.8603  9.24791  22.5817,0 0 0
1.42, 7.21605 0.426521 0.368988, 4.82346   15.921 -64.0112,     7.89766     0.305252 -0.000389347,    6.70124    0.216375 0.000746061,  7.62999   0.83691 0.0738578,   6.38229   0.850377 0.00758101, 12.1273 -83.5742  126.059,0 0 0,-93.9694  26.3421  82.6596,0 0 0
1.43, 7.26946 0.434601 0.369604, 1.24517  16.0106 -62.2402,     7.89766     0.305252 -0.000389347,   6.73587   0.211999 0.00415584,  7.62999   0.83691 0.0738578,  6.41229  0.841159 0.0156781, 23.1047 -155.649  238.706,0 0 0,-172.12 35.3084 168.733,0 0 0
1.44, 7.32301 0.442077 0.370072,-2.18956  16.1076 -60.4769,     7.89766     0.305252 -0.000389347,   6.78281   0.206111 0.00865884,  7.62999   0.83691 0.0738578,  6.45293  0.828674 0.0263712, 33.6412 -219.121  344.498,0 0 0,-236.103  20.1724  269.301,0 0 0
1.45, 7.37675  0.44875 0.370667,-5.43271  16.2002 -58.7234,     7.89766     0.305252 -0.000389347,  6.84117  0.198847 0.0140989,  7.62999   0.83691 0.0738578,  6.50345  0.813164 0.0392895, 40.9489 -252.394  413.483,0 0 0,-259.712 -35.0402  372.862,0 0 0
1.46, 7.43073 0.454417 0.371667,-8.43627  16.2763 -56.9819,     7.89766     0.305252 -0.000389347,  6.91005  0.190347 0.0203198,  7.62999   0.83691 0.0738578,  6.56305  0.794871 0.0540621, 42.2402 -233.874   415.71,0 0 0,-216.739 -146.304  467.917,0 0 0
1.47, 7.48499 0.458877 0.373349,-11.1522  16.3241 -55.2544,     7.89766     0.305252 -0.000389347,  6.98856  0.180747 0.0271654,  7.62999   0.83691 0.0738578,  6.63097  0.774037 0.0703181, 35.4891 -148.731  329.767,0 0 0,-89.8086 -321.631  543.387,0 0 0
1.48, 7.53958 0.461931 0.375991,-13.5326  16.3318  -53.543,     7.89766     0.305252 -0.000389347,  7.07581  0.170186 0.0344795,  7.62999   0.83691 0.0738578,  6.70643  0.750905 0.0876867,28.6377 -69.726 245.569,0 0 0, 24.7042 -468.766  596.692,0 0 0
1.49, 7.59455 0.463376 0.379868,-15.5293  16.2874 -51.8499,     7.89766     0.305252 -0.000389347,   7.1709  0.158799 0.0421059,  7.62999   0.83691 0.0738578, 6.78863 0.725717 0.105797, 24.5269 -22.3228   195.05,0 0 0, 93.4119 -557.047  628.674,0 0 0
1.5, 7.64994 0.463012  0.38526,-17.0944   16.179  -50.177,     7.89766     0.305252 -0.000389347,  7.27294  0.146725 0.0498886,  7.62999   0.83691 0.0738578, 6.87682 0.698715 0.124278, 23.1566 -6.52177  178.211,0 0 0, 116.315 -586.474  639.335,0 0 0
1.51, 7.70579 0.460705 0.392349,-18.1961  15.9976  -48.526,     7.89766     0.305252 -0.000389347,  7.38104  0.134102 0.0576712,  7.62999   0.83691 0.0738578,  6.9702 0.670142 0.142759, 24.5269 -22.3228   195.05,0 0 0, 93.4119 -557.047  628.674,0 0 0
1.52, 7.76207 0.456589 0.400952,-18.8676  15.7464 -46.8963,     7.89766     0.305252 -0.000389347,  7.49432  0.121067 0.0652977,  7.62999   0.83691 0.0738578, 7.06799 0.640239  0.16087,28.6377 -69.726 245.569,0 0 0, 24.7042 -468.766  596.692,0 0 0
1.53, 7.81872 0.450864 0.410791,-19.1587  15.4313 -45.2865,     7.89766     0.305252 -0.000389347,  7.61186  0.107758 0.0726118,  7.62999   0.83691 0.0738578, 7.16943 0.609249 0.178238, 35.4891 -148.731  329.767,0 0 0,-89.8086 -321.631  543.387,0 0 0
1.54, 7.87571 0.443732  0.42159,-19.1188  15.0583 -43.6957,     7.89766     0.305252 -0.000389347,  7.73279 0.0943109 0.0794574,  7.62999   0.83691 0.0738578, 7.27373 0.577415 0.194494, 42.2402 -233.874   415.71,0 0 0,-216.739 -146.304  467.917,0 0 0
1.55, 7.93298 0.435394  0.43307,-18.7974  14.6334 -42.1225,     7.89766     0.305252 -0.000389347,  7.85621 0.0808647 0.0856783,  7.62999   0.83691 0.0738578, 7.38011 0.544977 0.209267, 40.9489 -252.394  413.483,0 0 0,-259.712 -35.0402  372.862,0 0 0
1.56, 7.99048  0.42605 0.444956,-18.2442  14.1626 -40.5659,     7.89766     0.305252 -0.000389347,  7.98122 0.0675566 0.0911183,  7.62999   0.83691 0.0738578, 7.48779  0.51218 0.222185, 33.6412 -219.121  344.498,0 0 0,-236.103  20.1724  269.301,0 0 0
1.57, 8.04818 0.415902 0.456969,-17.5087  13.6518 -39.0245,     7.89766     0.305252 -0.000389347,  8.10695  0.054524 0.0956213,  7.62999   0.83691 0.0738578,   7.596 0.479264 0.232878, 23.1047 -155.649  238.706,0 0 0,-172.12 35.3084 168.733,0 0 0
1.58, 8.10601 0.405151 0.468833,-16.6404  13.1072 -37.4974,     7.89766     0.305252 -0.000389347,  8.23248 0.0419044 0.0990311,  7.62999   0.83691 0.0738578, 7.70395 0.446472 0.240975, 12.1273 -83.5742  126.059,0 0 0,-93.9694  26.3421  82.6596,0 0 0
1.59, 8.16394 0.393998 0.480271,-15.6889  12.5346 -35.9831,     7.89766     0.305252 -0.000389347,  8.35694 0.0298355  0.101191,  7.62999   0.83691 0.0738578, 7.81087 0.414047 0.246106, 3.49643 -24.4928  36.5066,0 0 0,-27.8603  9.24791  22.5817,0 0 0
1.6, 8.22192 0.382644 0.491005,-14.7038  11.9401 -34.4807,     7.89766     0.305252 -0.000389347,  8.47942 0.0184546  0.101946,  7.62999   0.83691 0.0738578, 7.91597  0.38223 0.247898,           0 -2.27374e-13  6.82121e-13,0 0 0,-6.82121e-13  3.41061e-13            0,0 0 0
1.61, 8.27991 0.371256 0.500804,-13.7265  11.3288 -32.9891,    7.90717    0.305159 0.000874796,   8.60206 0.00760618   0.101212,  7.63687  0.835414 0.0740034, 8.02108 0.350476 0.246092,0 0 0,0 0 0,0 0 0,0 0 0
1.62, 8.33789 0.359868 0.509623,-12.7651   10.702 -31.5078,   7.93466   0.304887 0.00449286,    8.72697 -0.00293874   0.0991116,  7.65682  0.831047 0.0744201, 8.12802 0.318231 0.240924,0 0 0,0 0 0,0 0 0,0 0 0
1.63, 8.39588  0.34848 0.517461,-11.8199  10.0604 -30.0366,  7.97863  0.304448 0.0102033,   8.85323 -0.0131529   0.095796,  7.68878  0.823992 0.0750778, 8.23601 0.285723 0.232766,0 0 0,0 0 0,0 0 0,0 0 0
1.64, 8.45386 0.337092 0.524318, -10.891  9.40429 -28.5752,  8.03755  0.303854 0.0177446,   8.97991 -0.0230088  0.0914173,  7.73172  0.814434 0.0759463, 8.34426 0.253182 0.221993,0 0 0,0 0 0,0 0 0,0 0 0
1.65, 8.51185 0.325703 0.530195,-9.97852  8.73432 -27.1233,  8.10991  0.303114 0.0268551,   9.10608 -0.0324793  0.0861275,  7.78457  0.802555 0.0769956, 8.45199 0.220838 0.208977,0 0 0,0 0 0,0 0 0,0 0 0
1.66, 8.56984 0.314315 0.535091,-9.08254  8.05096 -25.6808,  8.19418  0.302242 0.0372734,   9.23081 -0.0415369  0.0800784,  7.84629  0.788539 0.0781955, 8.55843 0.188919 0.194094,0 0 0,0 0 0,0 0 0,0 0 0
1.67, 8.62782 0.302926 0.539006,-8.20319  7.35473 -24.2473,  8.28885  0.301248 0.0487379,   9.35319 -0.0501544  0.0734218,  7.91584  0.772569 0.0795159, 8.66279 0.157654 0.177716,0 0 0,0 0 0,0 0 0,0 0 0
1.68, 8.68581 0.291537  0.54194,-7.34061  6.64612 -22.8226, 8.39239 0.300143 0.060987,   9.47229 -0.0583043  0.0663096,  7.99216  0.754829 0.0809267,  8.7643 0.127273 0.160218,0 0 0,0 0 0,0 0 0,0 0 0
1.69, 8.74379 0.280148 0.543894,-6.49489  5.92565 -21.4064,  8.50329  0.298939 0.0737592,   9.58718 -0.0659593  0.0588938,  8.07421  0.735502 0.0823977,  8.86217 0.0980058  0.141972,0 0 0,0 0 0,0 0 0,0 0 0
1.7, 8.80178 0.268759 0.544867,-5.66617  5.19383 -19.9984,  8.62002  0.297647 0.0867929,   9.69693 -0.0730922   0.051326,  8.16094  0.714772 0.0838988,  8.95562 0.0700805  0.123352,0 0 0,0 0 0,0 0 0,0 0 0
1.71, 8.85976 0.257369 0.544859,-4.85454  4.45116 -18.5984,  8.74107  0.296279 0.0998267,   9.80062 -0.0796755  0.0437583,  8.2513 0.692822   0.0854,  9.04388 0.0437269  0.104732,0 0 0,0 0 0,0 0 0,0 0 0
1.72,8.91775 0.24598 0.54387,-4.06008  3.69812 -17.2059, 8.86492 0.294846 0.112599,   9.89733 -0.0856819  0.0363424, 8.34424 0.669835 0.086871,  9.12616 0.0191741 0.0864863,0 0 0,0 0 0,0 0 0,0 0 0
1.73, 8.97573  0.23459 0.541901,-3.28283  2.93519 -15.8205, 8.99004 0.293358 0.124848,   9.98613 -0.0910841  0.0292303,  8.43871  0.645995 0.0882817,   9.20168 -0.0033487  0.0689876,0 0 0,0 0 0,0 0 0,0 0 0
1.74, 9.03371   0.2232 0.538951,-2.52285  2.16285 -14.4417, 9.11492 0.291829 0.136312,   10.0661 -0.0958547  0.0225737,  8.53367  0.621485 0.0896021,   9.26966 -0.0236122  0.0526097,0 0 0,0 0 0,0 0 0,0 0 0
1.75,  9.0917 0.211811  0.53502,-1.78019  1.38157  -13.069, 9.23804 0.290268 0.146731,   10.1363 -0.0999663  0.0165246,  8.62806  0.596489 0.0908021,   9.32933 -0.0413871  0.0377265,0 0 0,0 0 0,0 0 0,0 0 0
1.76, 9.14968 0.200421 0.530109,-1.05491 0.591829 -11.7021, 9.35788 0.288687 0.155841,  10.1958 -0.103392 0.0112348,  8.72085   0.57119 0.0918513,   9.37989 -0.0564443  0.0247114,0 0 0,0 0 0,0 0 0,0 0 0
1.77, 9.20767 0.189031 0.524216,-0.347058 -0.205898  -10.3404, 9.47292 0.287098 0.163383,   10.2437  -0.106104 0.00685611,  8.81097  0.545772 0.0927199,   9.42058 -0.0685545  0.0139382,0 0 0,0 0 0,0 0 0,0 0 0
1.78, 9.26565 0.177641 0.517343,0.343315 -1.01113 -8.98351, 9.58164 0.285512 0.169093,   10.2791  -0.108074 0.00354048,  8.89739  0.520417 0.0933776,   9.45061 -0.0774884 0.00578039,0 0 0,0 0 0,0 0 0,0 0 0
1.79, 9.32363  0.16625 0.509489, 1.01615  -1.8234 -7.63096, 9.68251  0.28394 0.172711,   10.3009  -0.109277 0.00143974,  8.97905   0.49531 0.0937943,     9.4692  -0.0830169 0.000611722,0 0 0,0 0 0,0 0 0,0 0 0
1.8, 9.38161  0.15486 0.500654, 1.67141 -2.64222  -6.2823, 9.77403 0.282393 0.173975,    10.3084   -0.109684 0.000705742,   9.0549  0.470633 0.0939399,   9.47557 -0.0849107 -0.0011942,0 0 0,0 0 0,0 0 0,0 0 0
1.81, 9.43951 0.143479 0.490867, 2.30651 -3.46292 -4.94107, 9.85712 0.280845 0.172713,    10.3084   -0.109684 0.000705742,  9.12589  0.445961 0.0932563,   9.47557 -0.0849107 -0.0011942,0 0 0,33.2979 12.6367 47.4131,0 0 0, 15.9126 -5.03879  52.6096
1.82, 9.49688 0.132149 0.480264, 2.90882 -4.26396 -3.62683, 9.93387 0.279269 0.169102,    10.3084   -0.109684 0.000705742,  9.19361  0.420865 0.0912997,   9.47557 -0.0849107 -0.0011942,0 0 0,103.204 45.3317 169.165,0 0 0, 50.9656 -18.0536  176.228
1.83, 9.55321 0.120925 0.469012, 3.46322 -5.01963 -2.36315, 10.0045 0.277677 0.163401,    10.3084   -0.109684 0.000705742,  9.25802  0.395529 0.0882117,   9.47557 -0.0849107 -0.0011942,0 0 0,164.737 90.2619 334.526,0 0 0,86.1318 -35.892 319.541
1.84, 9.60798 0.109858 0.457277, 3.95456 -5.70419 -1.17359, 10.0693  0.27608 0.155873,    10.3084   -0.109684 0.000705742,   9.3191  0.370134 0.0841336,   9.47557 -0.0849107 -0.0011942,0 0 0,172.915 139.604 512.763,0 0 0, 102.384 -55.4018  431.233
1.85,  9.66065 0.0990013  0.445225,   4.36769   -6.29192 -0.0817028, 10.1283  0.27449 0.146779,    10.3084   -0.109684 0.000705742,  9.37678  0.344864 0.0792069,   9.47557 -0.0849107 -0.0011942,0 0 0,82.7579 185.537 673.147,0 0 0, 80.6941 -73.4305  459.989
1.86,  9.71072 0.0884066  0.433021, 4.68749 -6.75709  0.88894,  10.182 0.272918 0.136379,    10.3084   -0.109684 0.000705742, 9.43104   0.3199 0.073573,   9.47557 -0.0849107 -0.0011942,0 0 0,-150.717  220.235  784.947,0 0 0, 2.03565 -86.8259  354.495
1.87,  9.75765 0.0781267  0.420833,  4.8988 -7.07398  1.71478, 10.2304 0.271377 0.124935,    10.3084   -0.109684 0.000705742,  9.48184  0.295427 0.0673734,   9.47557 -0.0849107 -0.0011942,0 0 0,-552.491  237.074  822.873,0 0 0,-144.768 -92.9353   81.374
1.88,  9.80093 0.0682141  0.408824, 4.98649 -7.21685  2.37225, 10.2739 0.269877 0.112707,    10.3084   -0.109684 0.000705742,  9.52912  0.271626 0.0607495,   9.47557 -0.0849107 -0.0011942,0 0 0,-894.233  246.097  836.042,0 0 0,-271.052 -96.0379 -162.256
1.89,  9.84003 0.0587213  0.397162, 4.93542 -7.15997   2.8378,  10.3125   0.26843 0.0999578,    10.3084   -0.109684 0.000705742,  9.57286  0.248679 0.0538427,   9.47557 -0.0849107 -0.0011942,0 0 0,-1099.28  251.512  843.943,0 0 0,-346.822 -97.8995 -308.433
1.9,  9.87444 0.0497007  0.386012, 4.73046 -6.87763  3.08785,  10.3467  0.267048 0.0869471,    10.3084   -0.109684 0.000705742,    9.613   0.22677 0.0467944,   9.47557 -0.0849107 -0.0011942,0 0 0,-1167.63  253.316  846.577,0 0 0,-372.078   -98.52 -357.159
1.91,  9.90378 0.0412079  0.375527,4.36556 -6.3581  3.1103,  10.3765  0.265743 0.0739364,    10.3084   -0.109684 0.000705742,  9.64952  0.206081 0.0397462,   9.47557 -0.0849107 -0.0011942,0 0 0,-1099.28  251.512  843.943,0 0 0,-346.822 -97.8995 -308.433
1.92,  9.92831 0.0333102    0.3658, 3.87117 -5.64568  2.93881,  10.4022  0.264526 0.0611868,    10.3084   -0.109684 0.000705742,  9.68237  0.186795 0.0328394,   9.47557 -0.0849107 -0.0011942,0 0 0,-894.233  246.097  836.042,0 0 0,-271.052 -96.0379 -162.256
1.93, 9.94843 0.026078 0.356914, 3.28684 -4.79869  2.61852,  10.4241  0.263409 0.0489593,    10.3084   -0.109684 0.000705742,   9.7115  0.169093 0.0262154,   9.47557 -0.0849107 -0.0011942,0 0 0,-552.491  237.074  822.873,0 0 0,-144.768 -92.9353   81.374
1.94,  9.96455 0.0195817   0.34895, 2.65211 -3.87545  2.19454,  10.4423  0.262403 0.0375151,    10.3084   -0.109684 0.000705742,  9.73688   0.15316 0.0200158,   9.47557 -0.0849107 -0.0011942,0 0 0,-160.268  230.416  805.305,0 0 0, 2.03506 -86.8354   354.54
1.95,  9.97707 0.0138917  0.341988, 2.00652 -2.93425  1.71199,  10.4571  0.261519 0.0271153,    10.3084   -0.109684 0.000705742,  9.75847  0.139177 0.0143819,   9.47557 -0.0849107 -0.0011942,0 0 0, 29.457 242.344 786.753,0 0 0, 80.6894 -73.4868  460.242
1.96,   9.98641 0.00907838    0.33611, 1.38963 -2.03342    1.216,  10.4687  0.260771 0.0180208,    10.3084   -0.109684 0.000705742,   9.77623   0.127327 0.00945523,   9.47557 -0.0849107 -0.0011942,0 0 0,52.8386 267.565 768.695,0 0 0, 102.369 -55.5382  431.802
1.97,   9.99297 0.00521218   0.331397, 0.84099 -1.23127 0.751681,  10.4773  0.260168 0.0104929,    10.3084   -0.109684 0.000705742,   9.79011   0.117792 0.00537715,   9.47557 -0.0849107 -0.0011942,0 0 0,-31.3268  299.166  752.414,0 0 0,  86.099 -36.1351  320.472
1.98,   9.99714 0.00236345   0.327931, 0.400138 -0.586105  0.364161,   10.4832   0.259724 0.00479254,    10.3084   -0.109684 0.000705742,   9.80007   0.110755 0.00228912,   9.47557 -0.0849107 -0.0011942,0 0 0,-164.243  330.233  739.195,0 0 0, 50.9046 -18.4234  177.501
1.99,    9.99935 0.000602595    0.325791, 0.106626 -0.156245 0.0985605,   10.4866   0.259448 0.00118087,    10.3084   -0.109684 0.000705742,    9.80608      0.1064 0.000332585,   9.47557 -0.0849107 -0.0011942,0 0 0,-287.112  353.852  730.322,0 0 0, 15.8107 -5.54884  54.1392
2,         10 6.93889e-18     0.32506,          0 1.59028e-15           0,     10.4876     0.259354 -8.10342e-05,    10.3084   -0.109684 0.000705742,     9.80809     0.104907 -0.000351024,   9.47557 -0.0849107 -0.0011942,0 0 0,-341.139   363.11   727.08,0 0 0,-0.157446 -0.657241    1.6375
