time , lin_pos[m] , euler_rpy[deg] , foot1_pos[m] , foot2_pos[m] , foot3_pos[m] , foot4_pos[m] , foot1_F[N] , foot2_F[N] , foot3_F[N] , foot4_F[N] , foot1_contact , foot2_contact , foot3_contact , foot4_contact 
0,  0   0 0.9,0 0 0,0.34 0.19    0, 0.34 -0.19     0,-0.34  0.19     0,-0.34 -0.19     0,0.0426748 0.0488659    0.2631,0.0030322 0.0179733  0.137509,0.0468336 0.0843982  0.266035,0.00329863   0.029469   0.132749
0.01,2.80366e-05 3.43093e-05    0.899388, 0.000186112  0.000419394 -2.74432e-05,0.34 0.19    0, 0.34 -0.19     0,-0.34  0.19     0,-0.34 -0.19     0, 27.6402  52.5416 -343.752, -4.5673 -9.79251  11.9224, 26.1595  42.4633 -181.609,-2.71866 -4.66644 -9.64387
0.02,0.000223643 0.000273249    0.897064, -0.00107645   0.00386567 -3.18418e-05,0.34 0.19    0, 0.34 -0.19     0,-0.34  0.19     0,-0.34 -0.19     0, 60.7945  105.178 -685.432, -15.016 -32.5689   39.512, 55.1715  79.3285 -364.572,-8.44374 -14.6703 -29.9545
0.03,0.000754065 0.000920838    0.892291,-0.00651904    0.013621 0.000103701,0.34 0.19    0, 0.34 -0.19     0,-0.34  0.19     0,-0.34 -0.19     0, 96.8446  155.641 -1010.54,-26.4496 -58.3286  71.2583,  84.891   110.07 -539.871,-13.5107 -23.8564 -47.2702
0.04,0.00178655 0.00218109   0.884335,  -0.018873   0.0329675 0.000496081,0.34 0.19    0, 0.34 -0.19     0,-0.34  0.19     0,-0.34 -0.19     0,  133.13  201.615 -1304.84,-33.9748 -77.0892  95.5138, 113.126  134.076 -698.756,-14.2585 -26.0988 -48.0621
0.05,0.00348834 0.00425804    0.87246,-0.0408697  0.0651872 0.00126219,0.34 0.19    0, 0.34 -0.19     0,-0.34  0.19     0,-0.34 -0.19     0,166.989 240.783 -1554.1,-32.6979 -78.8679  100.631, 137.685  150.738 -832.474,-7.02572 -15.2718 -18.8014
0.06,0.00602668 0.00735568   0.855931,-0.0752405   0.113562 0.00251894,0.34 0.19    0, 0.34 -0.19     0,-0.34  0.19     0,-0.34 -0.19     0, 195.761   270.83 -1744.08,-17.7256 -53.6822  74.9608, 156.375  159.444 -932.275,11.8487 14.7504 54.0409
0.07,0.00956881   0.011678   0.834013, -0.124717   0.181375 0.00438321,0.34 0.19    0, 0.34 -0.19     0,-0.34  0.19     0,-0.34 -0.19     0, 216.785  289.439 -1860.54,13.9759 4.81899 10.9813, 167.005  159.585 -989.405,44.4021 67.4237 177.899
0.08, 0.014282 0.0174292  0.805972,  -0.19203   0.271908 0.00697191,0.34 0.19    0, 0.34 -0.19     0,-0.34  0.19     0,-0.34 -0.19     0, 227.401  294.293 -1889.25, 41.6743  56.4527 -45.8864, 167.383  150.549 -995.115,72.1005 112.351 283.066
0.09,0.0203335  0.024813  0.771071,-0.279911  0.388442 0.0104019,0.34 0.19    0, 0.34 -0.19     0,-0.34  0.19     0,-0.34 -0.19     0, 224.948  283.076 -1815.98, 58.2933   87.433 -80.0069, 155.316  131.728 -940.651,88.7195 139.308 346.166
0.1,0.0278904 0.0340337  0.728576,-0.391091  0.534261 0.0147902,0.34 0.19    0, 0.34 -0.19     0,-0.34  0.19     0,-0.34 -0.19     0, 206.764  253.472 -1626.48,  63.833  97.7597 -91.3805, 128.613  102.509 -817.264,94.2592 148.294   367.2
0.11,0.0369992 0.0451821  0.678263,-0.531671  0.711584 0.0197057,0.34 0.19    0, 0.34 -0.19     0,-0.34  0.19     0,-0.34 -0.19     0, 170.189  203.164 -1306.52, 58.2933   87.433 -80.0069,85.0823 62.2839  -616.2,88.7195 139.308 346.166
0.12,0.0472218 0.0578971  0.621958,-0.721226  0.918389 0.0225265,0.34 0.19    0, 0.34 -0.19     0,-0.34  0.19     0,-0.34 -0.19     0, 112.562  129.837 -841.861, 41.6743  56.4527 -45.8864, 22.5313  10.4409 -328.709,72.1005 112.351 283.066
0.13,0.0579995 0.0717044  0.561999,-0.982697   1.15159 0.0200827,0.34 0.19    0, 0.34 -0.19     0,-0.34  0.19     0,-0.34 -0.19     0, 31.2214  31.1741 -218.273,13.9759 4.81899 10.9813,-61.2317 -53.6299  53.9609,44.4021 67.4237 177.899
0.14,0.0687733   0.08613  0.500724,  -1.33903     1.4081 0.00920447,0.34 0.19    0, 0.34 -0.19     0,-0.34  0.19     0,-0.34 -0.19     0,-71.2794 -87.4343  527.445,-17.7257 -53.6827  74.9569,-161.892 -123.221  491.472,11.8486 14.7495 54.0372
0.15,0.0789843    0.1007  0.440469,  -1.81317    1.68484 -0.0132781,0.34 0.19    0, 0.34 -0.19     0,-0.34  0.19     0,-0.34 -0.19     0,-177.496 -201.048  1230.99,-32.6984 -78.8707  100.609,-258.198 -175.699  833.359,-7.02623 -15.2764 -18.8221
0.16,0.0880737  0.114939  0.383573,  -2.42805    1.97872 -0.0505348,0.34 0.19    0, 0.34 -0.19     0,-0.34  0.19     0,-0.34 -0.19     0,-282.079 -305.377  1866.99,-33.9758 -77.0955  95.4654,-345.849 -210.998  1076.79,-14.2596 -26.1092 -48.1088
0.17,0.0954825  0.128374  0.332373, -3.20662   2.28665 -0.105736,0.34 0.19    0, 0.34 -0.19     0,-0.34  0.19     0,-0.34 -0.19     0, -380.86 -397.969   2422.3,-26.4514  -58.339  71.1793,-422.078 -230.901  1231.24,-13.5126 -23.8733 -47.3465
0.18,0.100652  0.14053 0.289207,-4.17183  2.60556 -0.18205,0.34 0.19    0, 0.34 -0.19     0,-0.34  0.19     0,-0.34 -0.19     0,-469.666  -476.37  2883.81,-15.0184  -32.583  39.4041,-484.119 -237.191  1306.14,-8.44633 -14.6934 -30.0585
0.19,0.103023 0.150934 0.256413, -5.34662   2.93235 -0.282649,0.34 0.19    0, 0.34 -0.19     0,-0.34  0.19     0,-0.34 -0.19     0,-544.326  -538.13  3238.39,-4.57015 -9.80939  11.7933,-529.205 -231.652  1310.96,-2.72176 -4.69412 -9.76855
0.2,0.102037  0.15911 0.236328, -6.75392   3.26394 -0.410701,0.34 0.19    0, 0.34 -0.19     0,-0.34  0.19     0,-0.34 -0.19     0, -600.67 -580.794  3472.92,-2.84217e-14 -5.68434e-14 -1.13687e-13,-554.571 -216.067  1255.16,-5.68434e-14            0 -1.13687e-13
0.21,0.0973247  0.164722  0.230552,-8.40274  3.59693 -0.56774,0.34 0.19    0, 0.339436 -0.189816 0.0013318,-0.34  0.19     0, -0.340648  -0.189658 0.00295168,-634.526 -601.912  3574.26,0 0 0,-557.448 -192.221   1148.2,0 0 0
0.22,0.0892764  0.167978  0.237737, -10.2462   3.92661 -0.748758,0.34 0.19    0,  0.337788  -0.189281 0.00514351,-0.34  0.19     0,-0.342541 -0.188661 0.0113996,-641.723 -599.031  3529.28,0 0 0,-535.072 -161.896  999.526,0 0 0
0.23,0.0784723  0.169225  0.255799, -12.2236   4.24796 -0.947109,0.34 0.19    0, 0.335127 -0.188416 0.0111596,-0.34  0.19     0,-0.345597 -0.187049 0.0247331,-618.091 -569.698  3324.87,0 0 0,-484.675 -126.876  818.601,0 0 0
0.24,0.0654923  0.168807  0.282651, -14.274  4.55597 -1.15615,0.34 0.19    0, 0.331522 -0.187243 0.0191045,-0.34  0.19     0,-0.349739 -0.184865 0.0423414,-559.458 -511.462   2947.9,0 0 0,-403.491 -88.9451  614.883,0 0 0
0.25,0.0509167   0.16707  0.316209,-16.3368   4.8456 -1.36923,0.34 0.19    0, 0.327041 -0.185786 0.0287026,-0.34  0.19     0,-0.354887 -0.182152 0.0636139,-461.653 -421.869  2385.24,0 0 0,-288.753 -49.8862  397.827,0 0 0
0.26,0.0353254   0.16436  0.354386, -18.351  5.11185 -1.57971,0.34 0.19    0, 0.321754 -0.184067 0.0396785,-0.34  0.19     0,-0.360961  -0.17895 0.0879398,-320.506 -298.467  1623.76,0 0 0,-137.696 -11.4831  176.892,0 0 0
0.27,0.0192987  0.161023  0.395099, -20.256  5.34968 -1.78094,0.34 0.19    0,  0.31573 -0.182108 0.0517566,-0.34  0.19     0,-0.367881 -0.175301  0.114709,-137.535 -143.293  677.446,0 0 0, 46.9465   24.086 -35.7223,0 0 0
0.28,0.00341653   0.157404    0.43626,-21.9909  5.55408 -1.96627,0.34 0.19    0, 0.309037 -0.179932 0.0646613,-0.34  0.19     0, -0.37557 -0.171248  0.143309, 17.8959 -11.6029 -119.045,0 0 0, 197.543  50.8083 -199.797,0 0 0
0.29,-0.011741  0.153849  0.475786,-23.4949  5.72002 -2.12907,0.34 0.19    0, 0.301746  -0.17756 0.0781171,-0.34  0.19     0,-0.383946 -0.166832  0.173132, 128.547  83.0952 -685.098,0 0 0, 298.369  68.1411 -310.193,0 0 0
0.3,-0.0255937   0.150703    0.51159,-24.7072  5.84249 -2.26269,0.34 0.19    0, 0.293924 -0.175017 0.0918484,-0.34  0.19     0,-0.392931 -0.162095  0.203564, 200.046  145.405 -1049.72,0 0 0, 355.989  77.3464 -373.968,0 0 0
0.31,-0.0376896   0.148242   0.542015,-25.5831   5.9181  -2.3622,0.34 0.19    0, 0.285642 -0.172324   0.10558,-0.34  0.19     0,-0.402445 -0.157079  0.233997, 238.023   179.93 -1241.93,0 0 0, 376.968  79.6861 -398.178,0 0 0
0.32,-0.0480892   0.146461   0.567116,-26.1419  5.95003 -2.42955,0.34 0.19    0, 0.276968 -0.169503  0.119036,-0.34  0.19     0,-0.412409 -0.151826   0.26382, 248.105  191.275 -1290.74,0 0 0,  367.87   76.422 -389.881,0 0 0
0.33,-0.0569808   0.145283   0.587376,-26.4187  5.94309 -2.46843,0.34 0.19    0, 0.267972 -0.166578   0.13194,-0.34  0.19     0,-0.422744 -0.146378   0.29242, 235.922  184.043 -1225.15,0 0 0, 335.258   68.816 -356.131,0 0 0
0.34,-0.0645531   0.144635   0.603277,-26.4488   5.9021 -2.48251,0.34 0.19    0,0.258722 -0.16357 0.144018,-0.34  0.19     0, -0.43337 -0.140776  0.319189, 207.102  162.839 -1074.18,0 0 0, 285.697    58.13 -303.987,0 0 0
0.35,-0.0709945   0.144439   0.615301,-26.2676  5.83187 -2.47548,0.34 0.19    0, 0.249288 -0.160502  0.154994,-0.34  0.19     0,-0.444208 -0.135062  0.343515, 167.273  132.265 -866.838,0 0 0, 225.752  45.6259 -240.505,0 0 0
0.36,-0.0764934   0.144621   0.623932,-25.9102  5.73722   -2.451,0.34 0.19    0, 0.239739 -0.157397  0.164592,-0.34  0.19     0,-0.455178 -0.129279  0.364787, 122.064  96.9268 -632.141,0 0 0, 161.986  32.5656 -172.741,0 0 0
0.37,-0.0812384   0.145105   0.629652, -25.412  5.62297 -2.41276,0.34 0.19    0, 0.230144 -0.154277  0.172537,-0.34  0.19     0,  -0.4662 -0.123468  0.382396, 77.1038  61.4272 -399.096,0 0 0, 100.963   20.211 -107.752,0 0 0
0.38,-0.0854179   0.145816   0.632943,-24.8082  5.49393 -2.36442,0.34 0.19    0, 0.220571 -0.151164  0.178553,-0.34  0.19     0,-0.477197  -0.11767  0.395729, 38.0207  30.3702 -196.717,0 0 0,49.2487 9.82392 -52.594,0 0 0
0.39,-0.0892204   0.146677   0.634289,-24.1341  5.35491 -2.30968,0.34 0.19    0, 0.211091 -0.148082  0.182365,-0.34  0.19     0,-0.488087 -0.111929  0.404177, 10.4433  8.35987 -54.0146,0 0 0, 13.4062   2.6663 -14.3246,0 0 0
0.4,-0.0928345   0.147614   0.634171,-23.425 5.21074 -2.2522,0.34 0.19    0, 0.201772 -0.145051  0.183697,-0.34  0.19     0,-0.498793 -0.106285  0.407129,-4.54747e-13  2.27374e-13  3.63798e-12,0 0 0,-4.54747e-13            0            0,0 0 0
0.41,-0.0964171   0.148564   0.632992,-22.7102  5.06542 -2.19506,  0.338572   0.190529 0.00427074, 0.192454 -0.142021  0.182365,  -0.34094    0.19148 0.00570736,-0.509498 -0.100641  0.404177,0 0 0,0 0 0,0 0 0,0 0 0
0.42,-0.0999997   0.149514   0.630832,-21.9956  4.91976 -2.13886, 0.334634  0.191987 0.0158627, 0.182974 -0.138938  0.178553,-0.343533  0.195562 0.0211988,-0.520388   -0.0949  0.395729,0 0 0,0 0 0,0 0 0,0 0 0
0.43,-0.103582  0.150463  0.627692,-21.2813  4.77378  -2.0836, 0.328705  0.194182 0.0329457, 0.173401 -0.135825  0.172537,-0.347436  0.201708 0.0440282, -0.531385 -0.0891027   0.382396,0 0 0,0 0 0,0 0 0,0 0 0
0.44,-0.107165  0.151413  0.623571,-20.5672  4.62747 -2.02929, 0.321305  0.196922 0.0536893, 0.163806 -0.132705  0.164592,-0.352308  0.209379 0.0717497, -0.542408 -0.0832915   0.364787,0 0 0,0 0 0,0 0 0,0 0 0
0.45,-0.110748  0.152363  0.618469,-19.8532  4.48084 -1.97593, 0.312953  0.200014 0.0762632,0.154257  -0.1296 0.154994,-0.357807  0.218036  0.101917, -0.553378 -0.0775082   0.343515,0 0 0,0 0 0,0 0 0,0 0 0
0.46,-0.11433 0.153312 0.612387,-19.1395  4.33391 -1.92351, 0.304168  0.203267 0.0988371, 0.144823 -0.126532  0.144018,-0.363591  0.227142  0.132085, -0.564215 -0.0717947   0.319189,0 0 0,0 0 0,0 0 0,0 0 0
0.47,-0.117913  0.154262  0.605324, -18.426  4.18667 -1.87204, 0.29547 0.206487 0.119581, 0.135573 -0.123524   0.13194,-0.369318  0.236159  0.159806, -0.574841 -0.0661928    0.29242,0 0 0,0 0 0,0 0 0,0 0 0
0.48,-0.121496  0.155211   0.59728,-17.7127  4.03914 -1.82152,0.287377 0.209483 0.136664, 0.126577 -0.120599  0.119035,-0.374646  0.244547  0.182636, -0.585176 -0.0607443   0.263819,0 0 0,0 0 0,0 0 0,0 0 0
0.49,-0.125078  0.156161  0.588256,-16.9995  3.89132 -1.77195, 0.28041 0.212063 0.148256, 0.117903 -0.117778   0.10558,-0.379233  0.251769  0.198127,  -0.59514 -0.0554912   0.233997,0 0 0,0 0 0,0 0 0,0 0 0
0.5,-0.128661  0.157111  0.578251,-16.2866  3.74321 -1.72333,0.275087 0.214034 0.152526, 0.109621 -0.115085 0.0918481,-0.382738  0.257287  0.203834, -0.604654 -0.0504753   0.203564,0 0 0,0 0 0,0 0 0,0 0 0
0.51,-0.132243   0.15806  0.567265,-15.5738  3.59483 -1.67566,0.269764 0.216005 0.148256, 0.101799 -0.112542 0.0781168,-0.386242  0.262804  0.198127, -0.613639 -0.0457385   0.173131,0 0 0,0 0 0,0 0 0,0 0 0
0.52,-0.135826   0.15901  0.555299,-14.8612  3.44618 -1.62894,0.262797 0.218584 0.136664,0.0945079  -0.11017 0.0646609,-0.390829  0.270026  0.182636, -0.622016 -0.0413225   0.143309,0 0 0,0 0 0,0 0 0,0 0 0
0.53,-0.139409   0.15996  0.542352,-14.1487  3.29727 -1.58317,0.254704  0.22158  0.11958,0.0878154 -0.107994 0.0517562,-0.396157  0.278414  0.159806, -0.629704 -0.0372693   0.114708,0 0 0,0 0 0,0 0 0,0 0 0
0.54,-0.142991  0.160909  0.528424,-13.4365  3.14811 -1.53835, 0.246006  0.224801 0.0988368, 0.081791 -0.106035 0.0396781,-0.401884  0.287431  0.132084, -0.636625 -0.0336207  0.0879395,0 0 0,0 0 0,0 0 0,0 0 0
0.55,-0.146574  0.161859  0.513516,-12.7244  2.99869 -1.49449, 0.237221  0.228053 0.0762628,0.0765038 -0.104316 0.0287022,-0.407668  0.296537  0.101917, -0.642698 -0.0304186  0.0636135,0 0 0,0 0 0,0 0 0,0 0 0
0.56,-0.150157  0.162809  0.497627,-12.0124  2.84904 -1.45158, 0.228869  0.231146 0.0536888,0.0720229 -0.102859  0.019104,-0.413167  0.305195 0.0717494, -0.647846 -0.0277049   0.042341,0 0 0,0 0 0,0 0 0,0 0 0
0.57,-0.153739  0.163758  0.480757,-11.3006  2.69914 -1.40962, 0.221469  0.233886 0.0329452,0.0684175 -0.101686 0.0111591,-0.418039  0.312865 0.0440278, -0.651988 -0.0255213  0.0247326,0 0 0,0 0 0,0 0 0,0 0 0
0.58,-0.157322  0.164708  0.462907, -10.589  2.54903 -1.36861,  0.21554  0.236081 0.0158622, 0.0657566  -0.100821 0.00514299,-0.421942  0.319011 0.0211983, -0.655045 -0.0239098  0.0113991,0 0 0,0 0 0,0 0 0,0 0 0
0.59,-0.160905  0.165657  0.444076,-9.87744  2.39868 -1.32856,  0.211602   0.237539 0.00427011, 0.0641094  -0.100285 0.00133127, -0.424535   0.323093 0.00570686, -0.656937 -0.0229122  0.0029512,0 0 0,0 0 0,0 0 0,0 0 0
0.6,-0.164487  0.166607  0.424264,-9.16606  2.24813 -1.28945,    0.210174     0.238068 -6.46583e-07,   0.0635449    -0.100102 -5.33348e-07,   -0.425475     0.324573 -5.13185e-07,   -0.657585   -0.0225704 -4.89118e-07,0 0 0,0 0 0,0 0 0,0 0 0
0.61,-0.168054  0.167546  0.403595,-8.45441  2.09711 -1.25188,    0.210174     0.238068 -6.46583e-07,   0.0635449    -0.100102 -5.33348e-07,   -0.425475     0.324573 -5.13185e-07,   -0.657585   -0.0225704 -4.89118e-07, 12.3207 -5.10378   23.596,-25.4481  14.4202  14.1494, -10.683 -1.77124  26.1552,41.8415 24.1719 31.5707
0.62,-0.171528  0.168423  0.382682,-7.74049  1.94437 -1.21869,    0.210174     0.238068 -6.46583e-07,   0.0635449    -0.100102 -5.33348e-07,   -0.425475     0.324573 -5.13185e-07,   -0.657585   -0.0225704 -4.89118e-07, 45.2917 -18.8042  86.8229,-83.2295  48.9622   50.351,-38.8263 -6.59673  97.0234,140.295  82.901  110.96
0.63,-0.174813  0.169174  0.362264, -7.0219  1.78839 -1.19332,    0.210174     0.238068 -6.46583e-07,   0.0635449    -0.100102 -5.33348e-07,   -0.425475     0.324573 -5.13185e-07,   -0.657585   -0.0225704 -4.89118e-07, 92.9265 -38.6849  178.339, -145.5 90.5484 99.2351, -78.571 -13.7441  201.208,254.756 155.508 215.182
0.64,-0.177818  0.169738  0.343079,-6.29624  1.62766  -1.1792,    0.210174     0.238068 -6.46583e-07,   0.0635449    -0.100102 -5.33348e-07,   -0.425475     0.324573 -5.13185e-07,   -0.657585   -0.0225704 -4.89118e-07, 149.239 -62.3295  286.803,-184.414  126.101  151.432,-124.058 -22.4812  327.313,344.616 221.313 321.253
0.65,-0.180448  0.170052  0.325862,-5.56111  1.46065 -1.17975,    0.210174     0.238068 -6.46583e-07,   0.0635449    -0.100102 -5.33348e-07,   -0.425475     0.324573 -5.13185e-07,   -0.657585   -0.0225704 -4.89118e-07, 208.242 -87.3216  400.873,-172.127  142.542  197.572,-169.429 -32.0754  463.942,369.272 259.636 406.188
0.66,-0.182609  0.170052  0.311353, -4.8141  1.28586 -1.19842,    0.210174     0.238068 -6.46583e-07,   0.0635449    -0.100102 -5.33348e-07,   -0.425475     0.324573 -5.13185e-07,   -0.657585   -0.0225704 -4.89118e-07, 263.949 -111.245  509.208,-80.7961  126.794  228.285,-208.825 -41.7946  599.699,288.115 249.798 447.002
0.67,-0.184208  0.169677  0.300289,-4.05283  1.10177 -1.23863,    0.210174     0.238068 -6.46583e-07,   0.0635449    -0.100102 -5.33348e-07,   -0.425475     0.324573 -5.13185e-07,   -0.657585   -0.0225704 -4.89118e-07, 310.374 -131.683  600.466,106.657 70.0141 235.963,-236.387 -50.9063  723.187,74.6678 177.358 426.078
0.68,-0.185151  0.168864  0.293408,-3.27489 0.906862 -1.30382,    0.210174     0.238068 -6.46583e-07,   0.0635449    -0.100102 -5.33348e-07,   -0.425475     0.324573 -5.13185e-07,   -0.657585   -0.0225704 -4.89118e-07,  341.53 -146.219  663.305,269.844 18.0498 236.911,-246.257 -58.6783   823.01,-116.007  108.882  397.013
0.69,-0.185345   0.16755  0.291446,-2.47787  0.69962 -1.39741,    0.210174     0.238068 -6.46583e-07,   0.0635449    -0.100102 -5.33348e-07,   -0.425475     0.324573 -5.13185e-07,   -0.657585   -0.0225704 -4.89118e-07, 351.431 -152.438  686.384, 367.756 -13.1288  237.479,-232.575 -64.3782  887.772,-230.411  67.7965  379.574
0.7,-0.184695  0.165673  0.295142,-1.65938  0.47853 -1.52284,    0.210174     0.238068 -6.46583e-07,   0.0635449    -0.100102 -5.33348e-07,   -0.425475     0.324573 -5.13185e-07,   -0.657585   -0.0225704 -4.89118e-07,  334.09 -147.922  658.361, 400.394 -23.5217  237.669,-189.483 -67.2737  906.076,-268.546  54.1013  373.762
0.71,-0.183168  0.163206   0.30493,-0.823699  0.243558  -1.68185,    0.210174     0.238068 -6.46583e-07,   0.0635449    -0.100102 -5.33348e-07,   -0.425475     0.324573 -5.13185e-07,   -0.657585   -0.0225704 -4.89118e-07, 283.521 -130.255  567.896, 367.756 -13.1288  237.479,-111.121 -66.6324  866.526,-230.411  67.7965  379.574
0.72,-0.180973  0.160262  0.320035,-0.00181397 0.000592544    -1.86947,    0.210174     0.238068 -6.46583e-07,   0.0635449    -0.100102 -5.33348e-07,   -0.425475     0.324573 -5.13185e-07,   -0.657585   -0.0225704 -4.89118e-07, 193.737 -97.0211  403.645,269.844 18.0498 236.911, 8.36804 -61.7221  757.726,-116.007  108.882  397.013
0.73,-0.178377   0.15699   0.33938, 0.768603 -0.242994  -2.07901,    0.210174     0.238068 -6.46583e-07,   0.0635449    -0.100102 -5.33348e-07,   -0.425475     0.324573 -5.13185e-07,   -0.657585   -0.0225704 -4.89118e-07, 58.7521 -45.8038  154.267,106.657 70.0141 235.963, 174.844 -51.8103  568.279,74.6678 177.358 426.078
0.74,-0.175651  0.153539  0.361885,  1.44988 -0.479831  -2.30382,    0.210174     0.238068 -6.46583e-07,   0.0635449    -0.100102 -5.33348e-07,   -0.425475     0.324573 -5.13185e-07,   -0.657585   -0.0225704 -4.89118e-07,-107.247  15.3182 -138.511,-80.7961  126.794  228.285, 356.418 -33.7352  307.118,288.115 249.798 447.002
0.75,-0.173063   0.15006  0.386472,  2.00435 -0.702548  -2.53722,    0.210174     0.238068 -6.46583e-07,   0.0635449    -0.100102 -5.33348e-07,   -0.425475     0.324573 -5.13185e-07,   -0.657585   -0.0225704 -4.89118e-07,-242.959  55.2672 -317.829,-172.127  142.542  197.572, 442.336 -1.32313  38.9809,369.272 259.636 406.188
0.76,-0.17088   0.1467 0.412065,  2.39435 -0.903773  -2.77255,    0.210174     0.238068 -6.46583e-07,   0.0635449    -0.100102 -5.33348e-07,   -0.425475     0.324573 -5.13185e-07,   -0.657585   -0.0225704 -4.89118e-07,-345.666  75.1412 -390.805,-184.414  126.101  151.432, 441.879   41.562 -221.112,344.616 221.313 321.253
0.77,-0.169373  0.143609  0.437583, 2.58219 -1.07613 -3.00313,    0.210174     0.238068 -6.46583e-07,   0.0635449    -0.100102 -5.33348e-07,   -0.425475     0.324573 -5.13185e-07,   -0.657585   -0.0225704 -4.89118e-07, -417.63  78.6865 -377.996, -145.5 90.5484 99.2351, 374.006  90.3507 -462.819,254.756 155.508 215.182
0.78,-0.168809  0.140936   0.46195, 2.53022 -1.21226  -3.2223,    0.210174     0.238068 -6.46583e-07,   0.0635449    -0.100102 -5.33348e-07,   -0.425475     0.324573 -5.13185e-07,   -0.657585   -0.0225704 -4.89118e-07,-461.108  69.6491 -299.956,-83.2295  48.9622   50.351, 257.68 140.473  -675.8,140.295  82.901  110.96
0.79,-0.169457  0.138829  0.484086, 2.20075 -1.30478 -3.42338,    0.210174     0.238068 -6.46583e-07,   0.0635449    -0.100102 -5.33348e-07,   -0.425475     0.324573 -5.13185e-07,   -0.657585   -0.0225704 -4.89118e-07,-478.361  51.7755 -177.243,-25.4481  14.4202  14.1494, 111.859  187.361 -849.714,41.8415 24.1719 31.5707
0.8,-0.171587  0.137439  0.502915, 1.55613 -1.34633 -3.59972,    0.210174     0.238068 -6.46583e-07,   0.0635449    -0.100102 -5.33348e-07,   -0.425475     0.324573 -5.13185e-07,   -0.657585   -0.0225704 -4.89118e-07,-471.647  28.8118 -30.4126,-2.27374e-13            0  5.68434e-14, -44.495  226.443 -974.221,4.54747e-13           0 2.27374e-13
0.81,-0.175343  0.136864  0.517634,0.576185 -1.33231 -3.74723,    0.210174     0.238068 -6.46583e-07,  0.064581  -0.100348 0.00208493,   -0.425475     0.324573 -5.13185e-07, -0.656392 -0.0225435 0.00209613,-443.225   4.5044   119.98,0 0 0,-192.422  253.151 -1038.98,0 0 0
0.82,-0.180379  0.136995  0.528543,-0.689227  -1.26928  -3.87224,    0.210174     0.238068 -6.46583e-07, 0.0676044  -0.101066 0.00805366,   -0.425475     0.324573 -5.13185e-07,  -0.65291 -0.0224651 0.00809678,-395.356 -17.4006  253.379,0 0 0,-312.962  262.914 -1033.64,0 0 0
0.83,-0.186227  0.137675  0.536219,-2.17274 -1.16656 -3.98368,    0.210174     0.238068 -6.46583e-07,0.0724885 -0.102225 0.0174742,   -0.425475     0.324573 -5.13185e-07, -0.647285 -0.0223384  0.0175677,-330.297 -33.1568  349.228,0 0 0,-387.153  251.164 -947.881,0 0 0
0.84,-0.192418  0.138745   0.54124,-3.80699 -1.03348 -4.09046,    0.210174     0.238068 -6.46583e-07,0.0791063 -0.103797  0.029915,   -0.425475     0.324573 -5.13185e-07, -0.639663 -0.0221668  0.0300751,-250.309 -39.0181  386.971,0 0 0,-396.037  213.331 -771.346,0 0 0
0.85,-0.198481  0.140048  0.544182, -5.52462 -0.879383  -4.20151,    0.210174     0.238068 -6.46583e-07, 0.087331  -0.10575 0.0449447,   -0.425475     0.324573 -5.13185e-07,  -0.63019 -0.0219535  0.0451852,-157.651 -31.2381  346.052,0 0 0,-320.651  144.846 -493.698,0 0 0
0.86,-0.203948  0.141426  0.545623, -7.25825 -0.713593  -4.32576,    0.210174     0.238068 -6.46583e-07,0.0970357 -0.108054 0.0621318,   -0.425475     0.324573 -5.13185e-07, -0.619013 -0.0217018  0.0624642,-54.5807 -6.07059  205.916,0 0 0,-142.036  41.1378 -104.596,0 0 0
0.87,-0.20835 0.142719 0.546139, -8.94053 -0.545441  -4.47212,    0.210174     0.238068 -6.46583e-07, 0.108094  -0.11068 0.0810448,   -0.425475     0.324573 -5.13185e-07,-0.606277 -0.021415 0.0814783,54.4004 38.0303 -41.914,0 0 0, 145.777 -97.3866  389.926,0 0 0
0.88,-0.211218   0.14377  0.546306, -10.5041 -0.384259  -4.64951,    0.210174     0.238068 -6.46583e-07, 0.120378 -0.113597  0.101252,   -0.425475     0.324573 -5.13185e-07, -0.592129 -0.0210964   0.101794, 139.726  75.6296 -257.598,0 0 0, 390.529 -210.846   789.93,0 0 0
0.89,-0.212082  0.144421  0.546703, -11.8816 -0.239378  -4.86686,    0.210174     0.238068 -6.46583e-07, 0.133761 -0.116775  0.122322,   -0.425475     0.324573 -5.13185e-07, -0.576714 -0.0207493   0.122977, 195.868  99.8709 -402.899,0 0 0, 551.933 -284.612  1048.34,0 0 0
0.9,-0.210474  0.144513  0.547905, -13.0056 -0.120129   -5.1331,    0.210174     0.238068 -6.46583e-07, 0.148118 -0.120184  0.143824,   -0.425475     0.324573 -5.13185e-07, -0.560179 -0.0203769   0.144594, 226.716  112.555 -487.061,0 0 0, 641.085 -324.012  1184.24,0 0 0
0.91,-0.206051  0.143927  0.550355,  -13.8254 -0.0336561   -5.45469,    0.210174     0.238068 -6.46583e-07,  0.16332 -0.123794  0.165326,   -0.425475     0.324573 -5.13185e-07, -0.542671 -0.0199827    0.16621, 236.163  115.484 -519.329,0 0 0, 669.082 -334.374  1216.68,0 0 0
0.92,-0.198981  0.142696  0.553951, -14.3564 0.0216417  -5.82833,    0.210174     0.238068 -6.46583e-07,  0.17924 -0.127574  0.186396,   -0.425475     0.324573 -5.13185e-07, -0.524334 -0.0195698   0.187394,228.097 110.458 -508.95,0 0 0, 647.021 -321.026  1164.74,0 0 0
0.93,-0.189557  0.140891  0.558456, -14.6307 0.0495527  -6.24826,    0.210174     0.238068 -6.46583e-07, 0.195753 -0.131495  0.206604,   -0.425475     0.324573 -5.13185e-07, -0.505316 -0.0191415   0.207709, 206.409  99.2777 -465.167,0 0 0, 585.997 -289.296   1047.5,0 0 0
0.94,-0.178075  0.138584  0.563636, -14.6801 0.0538649  -6.70873,    0.210174     0.238068 -6.46583e-07, 0.212731 -0.135527  0.225517,   -0.425475     0.324573 -5.13185e-07, -0.485761 -0.0187012   0.226723, 174.991   83.745 -397.226,0 0 0,497.107 -244.51 884.011,0 0 0
0.95,-0.164827  0.135847  0.569252, -14.5369 0.0383663  -7.20397,    0.210174     0.238068 -6.46583e-07, 0.230048 -0.139639  0.242704,   -0.425475     0.324573 -5.13185e-07, -0.465817 -0.0182521   0.244002, 137.732  65.6606 -314.373,0 0 0, 391.449 -191.998  693.356,0 0 0
0.96,-0.150108  0.132752   0.57507,  -14.2329 0.00684519   -7.72824,    0.210174     0.238068 -6.46583e-07, 0.247575 -0.143801  0.257734,   -0.425475     0.324573 -5.13185e-07,  -0.44563 -0.0177975   0.259112, 98.5232  46.8256 -225.853,0 0 0, 280.118 -137.086  494.602,0 0 0
0.97,-0.134213  0.129371  0.580852,  -13.8002 -0.0369105   -8.27576,    0.210174     0.238068 -6.46583e-07, 0.265188 -0.147983  0.270174,   -0.425475     0.324573 -5.13185e-07, -0.425345 -0.0173407    0.27162,61.2551 29.0409 -140.91,0 0 0, 174.211 -85.1024  306.819,0 0 0
0.98,-0.117435  0.125774  0.586363,  -13.2708 -0.0891128    -8.8408,    0.210174     0.238068 -6.46583e-07, 0.282758 -0.152155  0.279595,   -0.425475     0.324573 -5.13185e-07,-0.405109 -0.016885  0.281091, 29.8182  14.1078 -68.7901,0 0 0, 84.8249 -41.3751  149.077,0 0 0
0.99,-0.100069  0.122033  0.591366, -12.6767 -0.145974  -9.41758,    0.210174     0.238068 -6.46583e-07, 0.300158 -0.156287  0.285564,   -0.425475     0.324573 -5.13185e-07, -0.385068 -0.0164337   0.287091, 8.10297  3.82712 -18.7384,0 0 0, 23.0557 -11.2317  40.4477,0 0 0
1,-0.0824083   0.118222   0.595624,   -12.05 -0.203705  -10.0004,    0.210174     0.238068 -6.46583e-07, 0.317263 -0.160348  0.287649,   -0.425475     0.324573 -5.13185e-07, -0.365368 -0.0159901   0.289188,           0  2.27374e-13 -1.36424e-12,0 0 0,9.09495e-13           0 9.09495e-13,0 0 0
1.01,-0.0646989   0.114398   0.598941, -11.4172 -0.259149  -10.5843,  0.216884   0.236918 0.00619244,0.334368 -0.16441 0.285564, -0.418948   0.324379 0.00601706, -0.345667 -0.0155465   0.287091,0 0 0,0 0 0,0 0 0,0 0 0
1.02,-0.0469895   0.110574   0.601278,-10.7839 -0.31167 -11.1685, 0.235387   0.23375 0.0230022, 0.351769 -0.168542  0.279595,-0.400947  0.323843 0.0223505, -0.325626 -0.0150952   0.281091,0 0 0,0 0 0,0 0 0,0 0 0
1.03,-0.0292801    0.10675   0.602633,   -10.15 -0.361265   -11.753, 0.263244   0.22898 0.0477746, 0.369339 -0.172714  0.270174,-0.373846  0.323036 0.0464208,  -0.30539 -0.0146395    0.27162,0 0 0,0 0 0,0 0 0,0 0 0
1.04,-0.0115707   0.102926   0.603008,  -9.5156 -0.407928  -12.3376, 0.298014  0.223026 0.0778553, 0.386951 -0.176896  0.257734,-0.34002  0.32203 0.075649, -0.285105 -0.0141827   0.259112,0 0 0,0 0 0,0 0 0,0 0 0
1.05,0.00613869  0.0991023   0.602403, -8.88065 -0.451654  -12.9224,0.337257 0.216305  0.11059, 0.404479 -0.181058  0.242704,-0.301843  0.320893  0.107456, -0.264918 -0.0137281   0.244002,0 0 0,0 0 0,0 0 0,0 0 0
1.06,0.0238481 0.0952784  0.600817, -8.24522 -0.492439  -13.5073,0.378534 0.209237 0.143325,0.421795 -0.18517 0.225517,-0.261687  0.319698  0.139263,-0.244974 -0.013279  0.226723,0 0 0,0 0 0,0 0 0,0 0 0
1.07,0.0415575 0.0914546   0.59825, -7.60934 -0.530278  -14.0925,0.419404 0.202238 0.173406, 0.438773 -0.189202  0.206604,-0.221927  0.318515  0.168492,  -0.22542 -0.0128387   0.207709,0 0 0,0 0 0,0 0 0,0 0 0
1.08,0.0592669 0.0876307  0.594702, -6.97305 -0.565166  -14.6778,0.457428 0.195727 0.198178, 0.455286 -0.193123  0.186397,-0.184936  0.317414  0.192562, -0.206401 -0.0124104   0.187394,0 0 0,0 0 0,0 0 0,0 0 0
1.09,0.0769763 0.0838069  0.590174, -6.33637 -0.597099  -15.2632,0.490164 0.190121 0.214988, 0.471207 -0.196903  0.165326,-0.153088  0.316466  0.208895, -0.188065 -0.0119975   0.166211,0 0 0,0 0 0,0 0 0,0 0 0
1.1,0.0946857  0.079983  0.584665, -5.69934 -0.626072  -15.8488,0.515174 0.185838 0.221181, 0.486409 -0.200513  0.143825,-0.128757  0.315742  0.214913, -0.170556 -0.0116032   0.144594,0 0 0,0 0 0,0 0 0,0 0 0
1.11, 0.112395 0.0761591  0.578175,   -5.062 -0.652081  -16.4344,0.540184 0.181555 0.214988, 0.500765 -0.203922  0.122323,-0.104426  0.315017  0.208895, -0.154021 -0.0112309   0.122977,0 0 0,0 0 0,0 0 0,0 0 0
1.12, 0.130105 0.0723353  0.570705, -4.42437 -0.675123  -17.0202,0.572921  0.17595 0.198178,0.514149  -0.2071 0.101253,-0.0725785   0.314069   0.192562, -0.138607 -0.0108838   0.101794,0 0 0,0 0 0,0 0 0,0 0 0
1.13, 0.147814 0.0685114  0.562254, -3.78649 -0.695199  -17.6061,0.610944 0.169438 0.173406, 0.526433 -0.210017 0.0810452,-0.0355876   0.312968   0.168492, -0.124459 -0.0105652  0.0814787,0 0 0,0 0 0,0 0 0,0 0 0
1.14, 0.165523 0.0646876  0.552823, -3.14839 -0.712305   -18.192,0.651814  0.16244 0.143325, 0.537491 -0.212643 0.0621322,0.00417262   0.311785   0.139263, -0.111723 -0.0102784  0.0624646,0 0 0,0 0 0,0 0 0,0 0 0
1.15, 0.183233 0.0608637   0.54241, -2.51011 -0.726441   -18.778,0.693091 0.155371  0.11059, 0.547195 -0.214947 0.0449452,0.0443285   0.31059  0.107456, -0.100546 -0.0100267  0.0451856,0 0 0,0 0 0,0 0 0,0 0 0
1.16, 0.200942 0.0570399  0.531017, -1.87168 -0.737605   -19.364, 0.732335  0.148651 0.0778557,  0.55542   -0.2169 0.0299155,0.0825062  0.309454 0.0756493, -0.0910728 -0.00981338   0.0300755,0 0 0,0 0 0,0 0 0,0 0 0
1.17,0.218652 0.053216 0.518644, -1.23312 -0.745797  -19.9501, 0.767105  0.142697 0.0477751, 0.562038 -0.218472 0.0174747, 0.116332  0.308447 0.0464212, -0.0834508 -0.00964174   0.0175682,0 0 0,0 0 0,0 0 0,0 0 0
1.18, 0.236361 0.0493922   0.50529,-0.594486 -0.751015  -20.5362, 0.794961  0.137927 0.0230028,  0.566922  -0.219631 0.00805418, 0.143432   0.30764 0.0223509, -0.0778256 -0.00951507  0.00809726,0 0 0,0 0 0,0 0 0,0 0 0
1.19,  0.25407 0.0455683  0.490955,0.0442031 -0.753257  -21.1223,  0.813465   0.134758 0.00619306,  0.569945  -0.220349 0.00208545,  0.161433   0.307104 0.00601755, -0.0743433 -0.00943666  0.00209661,0 0 0,0 0 0,0 0 0,0 0 0
1.2,  0.27178 0.0417445  0.475639, 0.682911 -0.752522  -21.7084,    0.820175     0.133609 -5.82401e-09,    0.570982    -0.220595 -1.46723e-09,    0.167961      0.30691 -6.73849e-09,  -0.0731501  -0.00940979 -2.26678e-09,0 0 0,0 0 0,0 0 0,0 0 0
1.21,0.289454 0.037937 0.459408,  1.31732 -0.748902  -22.2924,    0.820175     0.133609 -5.82401e-09,    0.570982    -0.220595 -1.46723e-09,    0.167961      0.30691 -6.73849e-09,  -0.0731501  -0.00940979 -2.26678e-09,-6.63765  -2.5976  16.9809,9.16416 3.70137 9.71623,-12.4785  7.44974 -10.6489,-0.400787   9.14552   29.3618
1.22, 0.306919 0.0342277  0.442584,    1.926 -0.742864  -22.8642,    0.820175     0.133609 -5.82401e-09,    0.570982    -0.220595 -1.46723e-09,    0.167961      0.30691 -6.73849e-09,  -0.0731501  -0.00940979 -2.26678e-09,-24.4448 -9.47364  62.7357,30.3813 13.7997 37.6223,-45.9014  27.3728 -38.8548,-1.23721  31.2822  103.057
1.23, 0.323965 0.0307149  0.425558,  2.48322 -0.734965  -23.4116,    0.820175     0.133609 -5.82401e-09,    0.570982    -0.220595 -1.46723e-09,    0.167961      0.30691 -6.73849e-09,  -0.0731501  -0.00940979 -2.26678e-09,-50.2625  -19.253  129.482,54.2386 28.7865 81.8544,-94.2494  56.1298 -79.0069,-1.96036  58.4602  199.499
1.24, 0.340382 0.0274967  0.408717,  2.96326 -0.725766  -23.9222,    0.820175     0.133609 -5.82401e-09,    0.570982    -0.220595 -1.46723e-09,    0.167961      0.30691 -6.73849e-09,  -0.0731501  -0.00940979 -2.26678e-09,-80.9322 -30.5604  209.439,71.3229 47.1529 140.549,-151.503  90.0814 -125.494,-2.02134  82.7297  297.104
1.25, 0.355961 0.0246714   0.39245,   3.3404 -0.715826  -24.3839,    0.820175     0.133609 -5.82401e-09,    0.570982    -0.220595 -1.46723e-09,    0.167961      0.30691 -6.73849e-09,  -0.0731501  -0.00940979 -2.26678e-09,-113.295 -42.0208  294.824,72.2214 67.3905 211.841,-211.644  125.588 -172.705,-0.871237   96.1409   374.285
1.26, 0.370492 0.0223373  0.377147,  3.58892 -0.705703  -24.7845,    0.820175     0.133609 -5.82401e-09,    0.570982    -0.220595 -1.46723e-09,    0.167961      0.30691 -6.73849e-09,  -0.0731501  -0.00940979 -2.26678e-09,-144.192 -52.2591  377.856, 47.521 87.9905 293.868,-268.653  159.012  -215.03,2.03885 90.7439 409.456
1.27, 0.383765 0.0205924  0.363195,  3.68309 -0.695957  -25.1117,    0.820175     0.133609 -5.82401e-09,    0.570982    -0.220595 -1.46723e-09,    0.167961      0.30691 -6.73849e-09,  -0.0731501  -0.00940979 -2.26678e-09,-170.465 -59.9001  450.751,-8.73821  107.254  382.815, -316.51  186.711 -246.856,7.01194 61.0366 386.168
1.28,0.395571 0.019535 0.350984,  3.59721 -0.687147  -25.3533,    0.820175     0.133609 -5.82401e-09,    0.570982    -0.220595 -1.46723e-09,    0.167961      0.30691 -6.73849e-09,  -0.0731501  -0.00940979 -2.26678e-09,-188.954 -63.5686   505.73,-58.291 121.638 452.019,-349.196  205.049 -262.573,11.2377 33.2443 356.002
1.29, 0.405701 0.0192634  0.340902,  3.30553 -0.679832  -25.4971,    0.820175     0.133609 -5.82401e-09,    0.570982    -0.220595 -1.46723e-09,    0.167961      0.30691 -6.73849e-09,  -0.0731501  -0.00940979 -2.26678e-09,-196.502 -61.8894  535.009,-88.0227  130.269  493.541,-360.692  210.384 -256.571,13.7731  16.569 337.902
1.3, 0.413945 0.0198758  0.333339,  2.78235 -0.674572  -25.5308,    0.820175     0.133609 -5.82401e-09,    0.570982    -0.220595 -1.46723e-09,    0.167961      0.30691 -6.73849e-09,  -0.0731501  -0.00940979 -2.26678e-09,-189.948 -53.4875  530.806,-97.9333  133.145  507.382,-344.979  199.079 -223.238,14.6182 11.0106 331.869
1.31, 0.420181 0.0214349  0.328561,  2.01438 -0.671384  -25.4456,    0.820175     0.133609 -5.82401e-09,    0.570982    -0.220595 -1.46723e-09,    0.167961      0.30691 -6.73849e-09,  -0.0731501  -0.00940979 -2.26678e-09,-166.135 -36.9877  485.341,-88.0227  130.269  493.541,-296.038  167.493 -156.962,13.7731  16.569 337.902
1.32, 0.424644 0.0238609  0.326352,   1.0381 -0.668118  -25.2458,    0.820175     0.133609 -5.82401e-09,    0.570982    -0.220595 -1.46723e-09,    0.167961      0.30691 -6.73849e-09,  -0.0731501  -0.00940979 -2.26678e-09,-121.904 -11.0149   390.83,-58.291 121.638 452.019,-207.85 111.987 -52.134,11.2377 33.2443 356.002
1.33, 0.427654 0.0270388  0.326374,-0.0975863  -0.662086   -24.9391,    0.820175     0.133609 -5.82401e-09,    0.570982    -0.220595 -1.46723e-09,    0.167961      0.30691 -6.73849e-09,  -0.0731501  -0.00940979 -2.26678e-09,-54.0952  25.8062  239.493,-8.73821  107.254  382.815,-74.3951  28.9217  96.8582,7.01194 61.0366 386.168
1.34, 0.429533 0.0308533  0.328288, -1.34376 -0.650596  -24.5332,    0.820175     0.133609 -5.82401e-09,    0.570982    -0.220595 -1.46723e-09,    0.167961      0.30691 -6.73849e-09,  -0.0731501  -0.00940979 -2.26678e-09,31.5369 67.8979  52.959, 47.521 87.9905 293.868, 82.1275 -69.1971  267.509,2.03885 90.7439 409.456
1.35, 0.430603 0.0351894  0.331756, -2.65151 -0.630958  -24.0356,    0.820175     0.133609 -5.82401e-09,    0.570982    -0.220595 -1.46723e-09,    0.167961      0.30691 -6.73849e-09,  -0.0731501  -0.00940979 -2.26678e-09, 107.565  94.4867 -80.8306,72.2214 67.3905 211.841, 178.325 -134.426  376.385,-0.871237   96.1409   374.285
1.36, 0.431186 0.0399318  0.336441, -3.97191 -0.600481  -23.4542,    0.820175     0.133609 -5.82401e-09,    0.570982    -0.220595 -1.46723e-09,    0.167961      0.30691 -6.73849e-09,  -0.0731501  -0.00940979 -2.26678e-09, 171.481   106.16 -162.021,71.3229 47.1529 140.549, 218.029 -168.249  427.013,-2.02134  82.7297  297.104
1.37, 0.431602 0.0449654  0.342004, -5.25607 -0.556475  -22.7965,    0.820175     0.133609 -5.82401e-09,    0.570982    -0.220595 -1.46723e-09,    0.167961      0.30691 -6.73849e-09,  -0.0731501  -0.00940979 -2.26678e-09, 222.942  105.259 -198.103,54.2386 28.7865 81.8544,  212.22 -176.219  430.045,-1.96036  58.4602  199.499
1.38, 0.432175 0.0501749  0.348108, -6.45506 -0.496251  -22.0703,    0.820175     0.133609 -5.82401e-09,    0.570982    -0.220595 -1.46723e-09,    0.167961      0.30691 -6.73849e-09,  -0.0731501  -0.00940979 -2.26678e-09, 261.601  94.1292 -196.572,30.3813 13.7997 37.6223, 171.877 -163.891  396.131,-1.23721  31.2822  103.057
1.39, 0.433225 0.0554453  0.354413, -7.51996 -0.417116  -21.2832,    0.820175     0.133609 -5.82401e-09,    0.570982    -0.220595 -1.46723e-09,    0.167961      0.30691 -6.73849e-09,  -0.0731501  -0.00940979 -2.26678e-09, 287.116  75.1118 -164.918,9.16416 3.70137 9.71623,107.979 -136.82 335.921,-0.400787   9.14552   29.3618
1.4, 0.435075 0.0606613  0.360583, -8.40188 -0.316382   -20.443,    0.820175     0.133609 -5.82401e-09,    0.570982    -0.220595 -1.46723e-09,    0.167961      0.30691 -6.73849e-09,  -0.0731501  -0.00940979 -2.26678e-09, 299.142  50.5503 -110.634,-5.68434e-14  2.84217e-14  2.84217e-14,31.5054 -100.56 260.066,-3.55271e-15  5.68434e-14 -2.27374e-13
1.41,  0.43798 0.0657184  0.366359, -9.06391 -0.192704   -19.558,    0.820175     0.133609 -5.82401e-09, 0.572475 -0.220483 0.0011791,    0.167961      0.30691 -6.73849e-09, -0.0717463 -0.00973497   0.0012207, 297.335  22.7875 -41.2129,0 0 0,-46.5644 -60.6666  179.217,0 0 0
1.42,0.441938 0.070554 0.371806,  -9.51724 -0.0501306   -18.6401,    0.820175     0.133609 -5.82401e-09,  0.576832  -0.220155 0.00455377,    0.167961      0.30691 -6.73849e-09,-0.0676495  -0.010684 0.00471445,  281.35 -5.83356  35.8528,0 0 0,-115.251 -22.6929  104.025,0 0 0
1.43, 0.446879 0.0751165   0.37707,-9.78509 0.105944 -17.7019,    0.820175     0.133609 -5.82401e-09,   0.58387  -0.219625 0.00988005,    0.167961      0.30691 -6.73849e-09,-0.0610316  -0.012217  0.0102287, 250.842 -32.9699  113.071,0 0 0,-163.576   7.8061  45.1389,0 0 0
1.44,0.452736 0.079354 0.382297,-9.89067 0.270125 -16.7562,    0.820175     0.133609 -5.82401e-09, 0.593408 -0.218907  0.016914,    0.167961      0.30691 -6.73849e-09,-0.0520644 -0.0142942  0.0175108, 205.468 -56.2787  182.948,0 0 0,-180.559  25.2758  13.2103,0 0 0
1.45, 0.459439 0.0832146  0.387631,-9.85719 0.437017 -15.8154,    0.820175     0.133609 -5.82401e-09, 0.605261 -0.218015 0.0254117,    0.167961      0.30691 -6.73849e-09,-0.0409199 -0.0168757  0.0263083, 144.883 -73.4168  237.993,0 0 0,-155.221  24.1618  18.8896,0 0 0
1.46, 0.466921 0.0866465  0.393218,-9.70786 0.601226 -14.8922,    0.820175     0.133609 -5.82401e-09, 0.619246 -0.216963 0.0351291,    0.167961      0.30691 -6.73849e-09,  -0.02777 -0.0199218  0.0363686, 68.7429 -82.0415  270.713,0 0 0,-76.5828 -1.09053  72.8273,0 0 0
1.47, 0.475112 0.0895979  0.399204,-9.46589 0.757357 -13.9994,    0.820175     0.133609 -5.82401e-09, 0.635182 -0.215764 0.0458223,    0.167961      0.30691 -6.73849e-09,-0.0127865 -0.0233926  0.0474391,-20.8568 -80.4317  275.127,0 0 0, 59.7305 -53.0923  179.653,0 0 0
1.48,0.483945 0.092017 0.405734, -9.1545 0.900016 -13.1494,    0.820175     0.133609 -5.82401e-09, 0.652886 -0.214431 0.0572474,    0.167961      0.30691 -6.73849e-09,0.00385856 -0.0272484  0.0592674,-93.3714  -75.106  266.001,0 0 0, 177.151 -98.1429  270.029,0 0 0
1.49, 0.493351 0.0938518  0.412953,-8.79689  1.02381 -12.3549,    0.820175     0.133609 -5.82401e-09, 0.672173  -0.21298 0.0691604,    0.167961      0.30691 -6.73849e-09, 0.0219934 -0.0314492  0.0716007,-141.983 -68.6327  250.046,0 0 0, 254.946 -126.922  325.171,0 0 0
1.5,  0.50326 0.0950506  0.421008,-8.41629  1.12334 -11.6286,    0.820175     0.133609 -5.82401e-09, 0.692863 -0.211423 0.0813173,    0.167961      0.30691 -6.73849e-09, 0.0414461 -0.0359553  0.0841866,-169.841 -61.2855  228.575,0 0 0, 298.377 -141.633  349.953,0 0 0
1.51,  0.51361 0.0955816  0.429986,-8.03202  1.19459 -10.9797,    0.820175     0.133609 -5.82401e-09, 0.714771 -0.209774 0.0934742,    0.167961      0.30691 -6.73849e-09, 0.0620448 -0.0407268  0.0967725,-180.096 -53.3383  202.906,0 0 0, 312.705 -144.482  349.247,0 0 0
1.52, 0.524352 0.0954936  0.439748,-7.64798  1.23906 -10.4035,    0.820175     0.133609 -5.82401e-09, 0.737715 -0.208047  0.105387,    0.167961      0.30691 -6.73849e-09,0.0836175 -0.045724  0.109106,-175.898  -45.065  174.354,0 0 0, 303.189 -137.672  327.927,0 0 0
1.53, 0.535442 0.0948553  0.450099,-7.26416  1.25964 -9.89193,    0.820175     0.133609 -5.82401e-09, 0.761512 -0.206256  0.116812,    0.167961      0.30691 -6.73849e-09, 0.105992 -0.050907  0.120934,-160.397 -36.7394  144.233,0 0 0, 275.091 -123.407  290.865,0 0 0
1.54, 0.546837 0.0937355  0.460841,-6.88058   1.2592 -9.43703,    0.820175     0.133609 -5.82401e-09,  0.78598 -0.204415  0.127506,    0.167961      0.30691 -6.73849e-09, 0.128998 -0.056236  0.132005,-136.743 -28.6353  113.861,0 0 0, 233.672 -103.892  242.935,0 0 0
1.55,0.558494 0.092203  0.47178,-6.49725  1.24061  -9.0307,    0.820175     0.133609 -5.82401e-09, 0.810935 -0.202537  0.137223,    0.167961      0.30691 -6.73849e-09,  0.152461 -0.0616712   0.142065,-108.085 -21.0267  84.5516,0 0 0, 184.192 -81.3324  189.009,0 0 0
1.56, 0.570369 0.0903265  0.482719,-6.11417  1.20677  -8.6649,    0.820175     0.133609 -5.82401e-09, 0.836195 -0.200636  0.145721,    0.167961      0.30691 -6.73849e-09,  0.176211 -0.0671728   0.150862,-77.5745 -14.1874  57.6212,0 0 0,131.911 -57.931  133.96,0 0 0
1.57, 0.582418 0.0881749  0.493461,-5.73135  1.16055 -8.33155,    0.820175     0.133609 -5.82401e-09, 0.861576 -0.198726  0.152755,    0.167961      0.30691 -6.73849e-09,  0.200076 -0.0727009   0.158144,-48.3606 -8.39118  34.3853,0 0 0,  82.091 -35.8927  82.6622,0 0 0
1.58, 0.594597 0.0858169  0.503811, -5.3488  1.10482 -8.02261,    0.820175     0.133609 -5.82401e-09,0.886897 -0.19682 0.158081,    0.167961      0.30691 -6.73849e-09,  0.223883 -0.0782157   0.163659,-23.5936 -3.91199  16.1594,0 0 0,  39.992 -17.4219  39.9874,0 0 0
1.59, 0.606864 0.0833214  0.513573,-4.96654  1.04247 -7.73003,    0.820175     0.133609 -5.82401e-09, 0.911974 -0.194933  0.161455,    0.167961      0.30691 -6.73849e-09,  0.247462 -0.0836774   0.167152, -6.4234 -1.02364  4.25911,0 0 0, 10.8748 -4.72286   10.809,0 0 0
1.6, 0.619174 0.0807571   0.52255,-4.58457 0.976381 -7.44575,    0.820175     0.133609 -5.82401e-09, 0.936625 -0.193078  0.162635,    0.167961      0.30691 -6.73849e-09,  0.270639 -0.0890463   0.168373,-2.27374e-13  2.84217e-14 -1.13687e-13,0 0 0, 9.09495e-13 -1.13687e-13 -2.27374e-13,0 0 0
1.61, 0.631492 0.0781813  0.530579,-4.20289 0.908946 -7.16306,  0.825993   0.134558 0.00550698, 0.961275 -0.191223  0.161455,  0.172997    0.30598 0.00559757,  0.293816 -0.0944151   0.167152,0 0 0,0 0 0,0 0 0,0 0 0
1.62, 0.643809 0.0756055  0.537627,-3.82152 0.840651 -6.88061, 0.842039  0.137173 0.0204545, 0.986352 -0.189336  0.158081,0.186885 0.303416 0.020791,  0.317394 -0.0998768   0.163659,0 0 0,0 0 0,0 0 0,0 0 0
1.63, 0.656127 0.0730297  0.543695,-3.44045 0.771496 -6.59841, 0.866195  0.141111 0.0424824, 1.01167 -0.18743 0.152755, 0.207794  0.299556 0.0431813, 0.341201 -0.105392  0.158144,0 0 0,0 0 0,0 0 0,0 0 0
1.64,0.668445 0.070454 0.548782,-3.05969 0.701486 -6.31646, 0.896346  0.146026 0.0692306, 1.03705 -0.18552 0.145721, 0.233891  0.294737 0.0703695,0.365066 -0.11092 0.150862,0 0 0,0 0 0,0 0 0,0 0 0
1.65, 0.680762 0.0678782  0.552888,-2.67925 0.630623 -6.03475,0.930376 0.151574 0.098339,  1.06231 -0.183619  0.137223, 0.263346  0.289299 0.0999566, 0.388816 -0.116421  0.142065,0 0 0,0 0 0,0 0 0,0 0 0
1.66,  0.69308 0.0653024  0.556014,-2.29913 0.558909  -5.7533,0.966169 0.157409 0.127447,  1.08727 -0.181741  0.127506,0.294327 0.283579 0.129544,  0.41228 -0.121856  0.132005,0 0 0,0 0 0,0 0 0,0 0 0
1.67, 0.705397 0.0627266  0.558159,-1.91932 0.486347 -5.47211, 1.00161 0.163186 0.154196,  1.11174 -0.179899  0.116812,0.325003 0.277915 0.156732, 0.435285 -0.127185  0.120934,0 0 0,0 0 0,0 0 0,0 0 0
1.68, 0.717715 0.0601508  0.559323,-1.53985 0.412939 -5.19116, 1.03458 0.168561 0.176223,  1.13553 -0.178109  0.105387,0.353542 0.272646 0.179122,  0.45766 -0.132369  0.109106,0 0 0,0 0 0,0 0 0,0 0 0
1.69,0.730033 0.057575 0.559507, -1.1607 0.338689 -4.91047, 1.06297 0.173189 0.191171,  1.15848 -0.176382 0.0934742,0.378113 0.268109 0.194316, 0.479232 -0.137366 0.0967725,0 0 0,0 0 0,0 0 0,0 0 0
1.7,  0.74235 0.0549992   0.55871,-0.781894  0.263599  -4.63004, 1.08466 0.176724 0.196678,  1.18039 -0.174733 0.0813173,0.396885 0.264643 0.199913, 0.499831 -0.142137 0.0841866,0 0 0,0 0 0,0 0 0,0 0 0
1.71, 0.754668 0.0524235  0.556932,-0.403422  0.187671  -4.34987, 1.10634  0.18026 0.191171,  1.20108 -0.173176 0.0691604,0.415656 0.261177 0.194316, 0.519284 -0.146643 0.0716007,0 0 0,0 0 0,0 0 0,0 0 0
1.72, 0.766985 0.0498477  0.554174,-0.0252917   0.110908   -4.06996, 1.13473 0.184887 0.176223,  1.22036 -0.171725 0.0572474,0.440228 0.256641 0.179122, 0.537419 -0.150844 0.0592674,0 0 0,0 0 0,0 0 0,0 0 0
1.73, 0.779303 0.0472719  0.550435, 0.352493 0.0333132   -3.7903,  1.1677 0.190262 0.154196,  1.23807 -0.170392 0.0458223,0.468767 0.251371 0.156732, 0.554064   -0.1547 0.0474391,0 0 0,0 0 0,0 0 0,0 0 0
1.74, 0.791621 0.0446961  0.545716,  0.729928 -0.0451107   -3.51091, 1.20315  0.19604 0.127447,    1.254 -0.169193 0.0351291,0.499442 0.245708 0.129544, 0.569047 -0.158171 0.0363686,0 0 0,0 0 0,0 0 0,0 0 0
1.75, 0.803938 0.0421203  0.540015,  1.10701 -0.124361  -3.23178, 1.23894 0.201875 0.098339,  1.26799  -0.16814 0.0254117, 0.530423  0.239988 0.0999566, 0.582197 -0.161217 0.0263083,0 0 0,0 0 0,0 0 0,0 0 0
1.76, 0.816256 0.0395445  0.533334,  1.48374 -0.204435  -2.95291,  1.27297  0.207422 0.0692306,  1.27984 -0.167248  0.016914, 0.559878  0.234549 0.0703695, 0.593342 -0.163798 0.0175108,0 0 0,0 0 0,0 0 0,0 0 0
1.77, 0.828573 0.0369688  0.525673,  1.8601 -0.28533  -2.6743,  1.30312  0.212337 0.0424824,   1.28938  -0.166531 0.00988005, 0.585976  0.229731 0.0431813, 0.602309 -0.165876 0.0102287,0 0 0,0 0 0,0 0 0,0 0 0
1.78,0.840891 0.034393 0.517031,   2.2361 -0.367043  -2.39596,  1.32728  0.216275 0.0204545,   1.29642  -0.166001 0.00455377,0.606884  0.22587 0.020791,  0.608927  -0.167409 0.00471445,0 0 0,0 0 0,0 0 0,0 0 0
1.79, 0.853208 0.0318172  0.507408,  2.61174 -0.449572  -2.11789,   1.34332   0.218891 0.00550698,  1.30077 -0.165673 0.0011791,  0.620772   0.223306 0.00559757,  0.613023  -0.168358 0.00122071,0 0 0,0 0 0,0 0 0,0 0 0
1.8, 0.865526 0.0292414  0.496804,    2.987 -0.532913  -1.84008,     1.34914      0.21984 -9.86851e-10,    1.30227   -0.165561 1.35674e-09,    0.625808     0.222376 -1.30755e-09,   0.614427   -0.168683 -2.8824e-10,0 0 0,0 0 0,0 0 0,0 0 0
1.81,0.877826 0.026669 0.485261,  3.35959 -0.616555  -1.56322,     1.34914      0.21984 -9.86851e-10,    1.30227   -0.165561 1.35674e-09,    0.625808     0.222376 -1.30755e-09,   0.614427   -0.168683 -2.8824e-10, -1.2268 0.785149   15.978,-4.25673 -4.73512  15.0725,-0.321749  -1.17992   18.1209,-6.83724 -6.09946  8.67228
1.82,  0.89002 0.0241172  0.472981,  3.71802 -0.697952  -1.29076,     1.34914      0.21984 -9.86851e-10,    1.30227   -0.165561 1.35674e-09,    0.625808     0.222376 -1.30755e-09,   0.614427   -0.168683 -2.8824e-10,-5.14862  2.35269  56.2138,-15.5516  -15.924  54.2534, -1.7413 -3.98509  61.8836,-23.4415 -20.1976  31.2814
1.83, 0.902001 0.0216064  0.460211,  4.04852 -0.774049  -1.02683,     1.34914      0.21984 -9.86851e-10,    1.30227   -0.165561 1.35674e-09,    0.625808     0.222376 -1.30755e-09,   0.614427   -0.168683 -2.8824e-10,-12.1276  3.52078   109.16,-31.6716 -29.0421  108.488,-4.94009  -7.3136  115.388,-43.9517 -35.9942  62.7157
1.84, 0.913663 0.0191573  0.447195,  4.33729 -0.841791 -0.775549,     1.34914      0.21984 -9.86851e-10,    1.30227   -0.165561 1.35674e-09,    0.625808     0.222376 -1.30755e-09,   0.614427   -0.168683 -2.8824e-10,-22.5259  3.10756  163.269,-50.4038 -39.5646   168.72,-10.5996 -10.0635  162.734,-62.5067 -47.1888  97.8637
1.85, 0.924901 0.0167902  0.434177,  4.57056 -0.898122 -0.541047,     1.34914      0.21984 -9.86851e-10,    1.30227   -0.165561 1.35674e-09,    0.625808     0.222376 -1.30755e-09,   0.614427   -0.168683 -2.8824e-10,  -36.7057 -0.0688318    206.993,-69.5352 -42.9669  225.896,-19.4012  -11.133  188.022,-73.2453 -47.4811  131.614
1.86, 0.935607 0.0145259  0.421404,  4.73454 -0.939989 -0.327455,     1.34914      0.21984 -9.86851e-10,    1.30227   -0.165561 1.35674e-09,    0.625808     0.222376 -1.30755e-09,   0.614427   -0.168683 -2.8824e-10,-55.0291 -7.19024  228.786,-86.8528 -34.7244  270.959,-32.0264 -9.42011  175.352,-70.3064 -30.5707  158.854
1.87, 0.945676 0.0123847  0.409118,  4.81545 -0.964335 -0.138899,     1.34914      0.21984 -9.86851e-10,    1.30227   -0.165561 1.35674e-09,    0.625808     0.222376 -1.30755e-09,   0.614427   -0.168683 -2.8824e-10,-77.1989 -18.8832  219.756,-100.255 -11.8622  296.092,-48.5783 -4.19143  113.776,-49.602 7.51994 175.117
1.88, 0.955002 0.0103872  0.397566,  4.79951 -0.968106 0.0204904,     1.34914      0.21984 -9.86851e-10,    1.30227   -0.165561 1.35674e-09,    0.625808     0.222376 -1.30755e-09,   0.614427   -0.168683 -2.8824e-10,-94.8991 -28.7595  206.324,-109.627  8.65649  310.992,-62.0175   0.5379  56.4842,-30.0573  41.0303  185.166
1.89,  0.963478 0.00855404   0.386993,  4.67293 -0.948247  0.146587,     1.34914      0.21984 -9.86851e-10,    1.30227   -0.165561 1.35674e-09,    0.625808     0.222376 -1.30755e-09,   0.614427   -0.168683 -2.8824e-10,-105.519 -34.6853  198.266,-115.251  20.9677  319.931,-70.0811   3.3755  22.1094,-18.3305  61.1365  191.195
1.9,  0.970997 0.00690564   0.377642,  4.42194 -0.901703  0.235261,     1.34914      0.21984 -9.86851e-10,    1.30227   -0.165561 1.35674e-09,    0.625808     0.222376 -1.30755e-09,   0.614427   -0.168683 -2.8824e-10,-109.059 -36.6605  195.579,-117.125  25.0715  322.911,-72.7689  4.32137  10.6511,-14.4215  67.8386  193.205
1.91,  0.977484 0.00545747   0.369699,  4.04071 -0.827122  0.284229,     1.34914      0.21984 -9.86851e-10,    1.30227   -0.165561 1.35674e-09,    0.625808     0.222376 -1.30755e-09,   0.614427   -0.168683 -2.8824e-10,-105.519 -34.6853  198.266,-115.251  20.9677  319.931,-70.0811   3.3755  22.1094,-18.3305  61.1365  191.195
1.92,  0.982981 0.00420453   0.363103,  3.55528 -0.729967  0.298585,     1.34914      0.21984 -9.86851e-10,    1.30227   -0.165561 1.35674e-09,    0.625808     0.222376 -1.30755e-09,   0.614427   -0.168683 -2.8824e-10,-94.8991 -28.7595  206.324,-109.627  8.65649  310.992,-62.0175   0.5379  56.4842,-30.0573  41.0303  185.166
1.93,  0.987561 0.00313676   0.357734,  2.99964 -0.617405  0.285267,     1.34914      0.21984 -9.86851e-10,    1.30227   -0.165561 1.35674e-09,    0.625808     0.222376 -1.30755e-09,   0.614427   -0.168683 -2.8824e-10,-77.1989 -18.8832  219.756,-100.255 -11.8622  296.092,-48.5783 -4.19143  113.776,-49.602 7.51994 175.117
1.94,  0.991295 0.00224407   0.353471, 2.40779  -0.4966 0.251214,     1.34914      0.21984 -9.86851e-10,    1.30227   -0.165561 1.35674e-09,    0.625808     0.222376 -1.30755e-09,   0.614427   -0.168683 -2.8824e-10,-56.2643 -6.83589  232.918, -87.861 -34.4506  274.258,-32.4192 -9.28355  177.285,-70.4693 -30.4729  159.768
1.95,  0.994256 0.00151637   0.350195, 1.81373 -0.37472 0.203364,     1.34914      0.21984 -9.86851e-10,    1.30227   -0.165561 1.35674e-09,    0.625808     0.222376 -1.30755e-09,   0.614427   -0.168683 -2.8824e-10,-43.5987  1.90853  230.051,-75.1607 -41.4386  244.303,-21.5935 -10.3705  198.812,-74.1544 -46.9352  136.715
1.96,   0.996517 0.000943594    0.347785,  1.25144 -0.258931  0.148655,     1.34914      0.21984 -9.86851e-10,    1.30227   -0.165561 1.35674e-09,    0.625808     0.222376 -1.30755e-09,   0.614427   -0.168683 -2.8824e-10,-38.0548  7.56207  215.213,-63.0766 -36.1217  210.187,-15.5391 -8.34444  187.041,-64.5548 -45.9596  109.356
1.97,   0.998149 0.000515649     0.34612, 0.754929 -0.156398  0.094026,     1.34914      0.21984 -9.86851e-10,    1.30227   -0.165561 1.35674e-09,    0.625808     0.222376 -1.30755e-09,   0.614427   -0.168683 -2.8824e-10,-37.4838   10.794  193.972,-52.3631 -23.4207  176.195,-13.0069 -4.50385  155.076, -47.296 -33.9883  81.4803
1.98,   0.999226 0.000222456     0.34508,  0.358188 -0.0742875  0.0464149,     1.34914      0.21984 -9.86851e-10,    1.30227   -0.165561 1.35674e-09,    0.625808     0.222376 -1.30755e-09,   0.614427   -0.168683 -2.8824e-10,-39.7372  12.2736  171.898,-43.7747 -8.25642  146.611, -12.7479 -0.147179    116.02,-28.0036 -17.4634  56.8778
1.99,   0.999818 5.39337e-05    0.344544, 0.0952129 -0.0197662  0.0127601,     1.34914      0.21984 -9.86851e-10,    1.30227   -0.165561 1.35674e-09,    0.625808     0.222376 -1.30755e-09,   0.614427   -0.168683 -2.8824e-10,-42.6663    12.67  154.562,-38.0661  4.45025  125.719,-13.513 3.42712 82.9775,-12.3031 -2.82733  39.3375
2,           1 -8.67362e-19     0.344392,-7.95139e-16            0  1.98785e-16,     1.34914      0.21984 -9.86851e-10,    1.30227   -0.165561 1.35674e-09,    0.625808     0.222376 -1.30755e-09,   0.614427   -0.168683 -2.8824e-10,-44.1226  12.6527  147.532,-35.9917  9.77846  117.801,-14.0532  4.92059  69.0506,-5.82012   3.4778   32.649
