time , lin_pos[m] , euler_rpy[deg] , foot1_pos[m] , foot2_pos[m] , foot3_pos[m] , foot4_pos[m] , foot1_F[N] , foot2_F[N] , foot3_F[N] , foot4_F[N] , foot1_contact , foot2_contact , foot3_contact , foot4_contact 
0,   0    0 0.42,0 0 0,0.34 0.19    0, 0.34 -0.19     0,-0.34  0.19     0,-0.34 -0.19     0,-0.497842   3.47817   20.2324,2.70836 33.8612 89.9642,-0.446238   2.75456   19.3503,5.42604 41.4069 106.354
0.01,1.35003e-05 0.000138849    0.419916,   0.0104241   0.00340835 -0.000584313,0.34 0.19    0, 0.34 -0.19     0,-0.34  0.19     0,-0.34 -0.19     0,-0.410932   3.69135   18.1065,3.20005 34.3523 93.2527,-0.360238   2.94145   17.4206,6.24837 41.5454 111.326
0.02,5.92542e-05 0.000558246    0.419688,  0.0294718    0.013964 -0.00112998,0.34 0.19    0, 0.34 -0.19     0,-0.34  0.19     0,-0.34 -0.19     0,-0.333867   3.96473   15.9146,4.46088 35.6148 101.647,-0.285709   3.16017   15.4488,8.35418 41.9065 124.029
0.03,0.000145141  0.00126246    0.419353,  0.0388063   0.0321628 0.000173921,0.34 0.19    0, 0.34 -0.19     0,-0.34  0.19     0,-0.34 -0.19     0,-0.267321   4.26274   13.7485,6.16952 37.3329 112.939,-0.223041   3.38322   13.5153,11.2017 42.4086 141.147
0.04,0.000279042  0.00225578    0.418949, 0.0200909  0.0585006 0.00513829,0.34 0.19    0, 0.34 -0.19     0,-0.34  0.19     0,-0.34 -0.19     0,-0.211969   4.54983      11.7,8.00466 39.1906 124.923,-0.172621   3.58305   11.7005,14.2492 42.9704 159.361
0.05,0.000468835  0.00354246    0.418513,-0.0450113  0.0934732   0.015574,0.34 0.19    0, 0.34 -0.19     0,-0.34  0.19     0,-0.34 -0.19     0,-0.168487   4.79043   9.86097,9.64495 40.8719  135.39,-0.134835   3.73215   10.0847,16.9549 43.5101 175.356
0.06, 0.0007224 0.00512678   0.418083,-0.174837  0.137577 0.0332921,0.34 0.19    0, 0.34 -0.19     0,-0.34  0.19     0,-0.34 -0.19     0,-0.137548   4.94899   8.32312,10.7691 42.0608 142.134,-0.110072   3.80299   8.74811,18.7771 43.9462 185.813
0.07,0.00104762 0.00701302   0.417695,-0.387723  0.191307 0.0601034,0.34 0.19    0, 0.34 -0.19     0,-0.34  0.19     0,-0.34 -0.19     0,-0.119829   4.98995    7.1783,11.1139 42.4961 143.377,-0.0987199    3.76804    7.77118,19.2743 44.2075 188.052
0.08,0.00145237 0.00920545   0.417386,-0.702007  0.255159 0.0978187,0.34 0.19    0, 0.34 -0.19     0,-0.34  0.19     0,-0.34 -0.19     0,-0.116003   4.87775   6.51832,11.2108 42.6674 143.154,-0.101165   3.59979   7.23419,19.3712 44.3693  188.01
0.09,0.00194453  0.0117083   0.417195,-1.13602  0.32963 0.148249,0.34 0.19    0, 0.34 -0.19     0,-0.34  0.19     0,-0.34 -0.19     0,-0.126745   4.57683   6.43499, 11.269 42.7701  143.02,-0.117796    3.2707   7.21747,19.4294 44.4664 187.984
0.1,0.00253198   0.014526   0.417157,-1.70811 0.415215 0.213206,0.34 0.19    0, 0.34 -0.19     0,-0.34  0.19     0,-0.34 -0.19     0,-0.15273  4.05163  7.02011,11.2883 42.8044 142.975,-0.148999   2.75326   7.80136,19.4487 44.4988 187.975
0.11,0.00322383  0.0176524   0.417305,-2.4294 0.51172 0.29378,0.34 0.19    0, 0.34 -0.19     0,-0.34  0.19     0,-0.34 -0.19     0,-0.194633    3.2666    8.3655, 11.269 42.7701  143.02,-0.195163   2.01994   9.06617,19.4294 44.4664 187.984
0.12,0.00403411  0.0210411    0.41764,-3.28222 0.616193 0.388192,0.34 0.19    0, 0.34 -0.19     0,-0.34  0.19     0,-0.34 -0.19     0,-0.253129   2.18617    10.563,11.2108 42.6674 143.154,-0.256675   1.04321   11.0922,19.3712 44.3693  188.01
0.13,0.00497809  0.0246351   0.418161,-4.24167 0.724992 0.493942,0.34 0.19    0, 0.34 -0.19     0,-0.34  0.19     0,-0.34 -0.19     0,-0.328892  0.774797   13.7043,11.1139 42.4961 143.377,-0.333923 -0.204457   13.9599,19.2743 44.2075 188.052
0.14,0.00607102  0.0283777   0.418863,-5.28287 0.834475  0.60853,0.34 0.19    0, 0.34 -0.19     0,-0.34  0.19     0,-0.34 -0.19     0,0.108981 -1.18774  19.0867,10.6932 41.1127 139.615,0.173045 -2.21028  19.7904,18.6251 42.7868 182.835
0.15,0.00732816   0.032212   0.419743,-6.38094    0.941 0.729455,0.34 0.19    0, 0.34 -0.19     0,-0.34  0.19     0,-0.34 -0.19     0, 2.61646 -4.21343  30.2075,9.22177 35.5811 121.333, 3.02144 -6.29533    34.53,16.1071 37.0402 158.738
0.16,0.00876477  0.0360812   0.420798,-7.51098  1.04092  0.85422,0.34 0.19    0, 0.34 -0.19     0,-0.34  0.19     0,-0.34 -0.19     0, 6.96326 -8.12186  46.3743,7.05131 27.2715 93.2551,7.95076 -12.177 57.1428,12.3392 28.3951 121.925
0.17,0.0103961 0.0399285  0.422024,-8.64812   1.1306 0.980324,0.34 0.19    0, 0.34 -0.19     0,-0.34  0.19     0,-0.34 -0.19     0, 12.7794 -12.6815   66.573,4.61289 17.8712 61.2322, 14.5427 -19.4498   86.052, 8.0831   18.61 80.0194
0.18,0.0122375  0.043697  0.423419,-9.76747   1.2064  1.10527,0.34 0.19    0, 0.34 -0.19     0,-0.34  0.19     0,-0.34 -0.19     0, 19.6948 -17.6608  89.7895,2.33752 9.06765 31.1148, 22.3788 -27.7081  119.681,4.10016 9.44347 40.6472
0.19,0.0143041   0.04733  0.424979,-10.8441  1.26467  1.22655,0.34 0.19    0, 0.34 -0.19     0,-0.34  0.19     0,-0.34 -0.19     0, 27.3394 -22.8283   115.01,0.656216  2.54814  8.75383, 31.0409 -36.5463  156.453,1.15196 2.65395 11.4326
0.2,0.0166112 0.0507707    0.4267,-11.8532  1.30177  1.34167,0.34 0.19    0, 0.34 -0.19     0,-0.34  0.19     0,-0.34 -0.19     0, 35.3434 -27.9524  141.219,-3.55271e-15 -1.42109e-14 -5.68434e-14, 40.1105 -45.5591  194.791,1.42109e-14           0 5.68434e-14
0.21,0.0191744 0.0539702  0.428593,-12.7735  1.31521  1.44875,0.34 0.19    0,  0.340755  -0.189742 0.00156592,-0.34  0.19     0,  -0.33926  -0.189906 0.00161654, 43.3366 -32.8015  167.404,0 0 0, 49.1694 -54.3408  233.118,0 0 0
0.22,0.0220106 0.0569122  0.430718,-13.5979  1.30706  1.54838,0.34 0.19    0,   0.34296  -0.188989 0.00604768,-0.34  0.19     0, -0.337099  -0.189634 0.00624319,  50.949 -37.1442  192.549,0 0 0, 57.7992 -62.4858  269.858,0 0 0
0.23, 0.025137 0.0595884  0.433149,-14.3231  1.28054  1.64174,0.34 0.19    0, 0.346521 -0.187773 0.0131213,-0.34  0.19     0,-0.333609 -0.189193 0.0135455,57.8106 -40.749 215.642,0 0 0, 65.5816 -69.5886  303.433,0 0 0
0.24,0.0285709 0.0619905  0.435959,-14.9458  1.23889  1.73006,0.34 0.19    0, 0.351345 -0.186125 0.0224628,-0.34  0.19     0,-0.328879 -0.188595  0.023189, 63.5514 -43.3842  235.668,0 0 0, 72.0982 -75.2438  332.268,0 0 0
0.25,0.0323294 0.0641101  0.439223,-15.4625  1.18533  1.81452,0.34 0.19    0, 0.357342 -0.184077 0.0337482,-0.34  0.19     0,-0.323002 -0.187853 0.0348392, 67.8014 -44.8184  251.612,0 0 0, 76.9307 -79.0457  354.784,0 0 0
0.26,0.0364298 0.0659389  0.443014,-15.8698  1.12308  1.89632,0.34 0.19    0, 0.364417  -0.18166 0.0466536,-0.34  0.19     0,-0.316066 -0.186977 0.0481617, 70.1906 -44.8201  262.461,0 0 0, 79.6608 -80.5888  369.407,0 0 0
0.27,0.0408893 0.0674686  0.447407,-16.1645  1.05537  1.97668,0.34 0.19    0, 0.372479 -0.178907 0.0608548,-0.34  0.19     0,-0.308164 -0.185979 0.0628221, 70.3626 -43.2112  267.032,0 0 0, 79.8844 -79.5114  374.405,0 0 0
0.28,0.0457251 0.0686909  0.452474,-16.3431 0.985417   2.0568,0.34 0.19    0, 0.381436 -0.175848  0.076028,-0.34  0.19     0,-0.299385  -0.18487 0.0784858, 68.3382 -40.5726  262.861,0 0 0, 77.6106 -76.2029  367.282,0 0 0
0.29,0.0509544 0.0695975   0.45829,-16.4022 0.916454  2.13786,0.34 0.19    0, 0.391193 -0.172515 0.0918492,-0.34  0.19     0,-0.289821 -0.183662 0.0948184, 64.4682 -37.2462  250.565,0 0 0, 73.2335 -71.1349  349.173,0 0 0
0.3,0.0565945   0.07018  0.464929,-16.3385 0.851701  2.22108,0.34 0.19    0, 0.40166 -0.16894 0.107994,-0.34  0.19     0,-0.279561 -0.182366  0.111486,  59.102 -33.3886  231.614,0 0 0, 67.1509 -64.6597  322.088,0 0 0
0.31,0.0626526 0.0704371   0.47242,-16.1513 0.793714   2.3074,0.34 0.19    0, 0.412744 -0.165155  0.124139,-0.34  0.19     0,-0.268697 -0.180993  0.128153, 52.5888 -29.1561  207.481,0 0 0, 59.7603 -57.1295  288.039,0 0 0
0.32,0.0690958  0.070395   0.48062,-15.8504 0.742362  2.39672,0.34 0.19    0,0.424351 -0.16119 0.139961,-0.34  0.19     0, -0.25732 -0.179556  0.144485,  45.278 -24.7052  179.638,0 0 0, 51.4595 -48.8965  249.036,0 0 0
0.33,0.0758815 0.0700871  0.489341,-15.4487 0.696844  2.48869,0.34 0.19    0,  0.43639 -0.157078  0.155134,-0.34  0.19     0,-0.245519 -0.178066  0.160149, 37.5189 -20.1921  149.558,0 0 0, 42.6461 -40.3129  207.091,0 0 0
0.34,0.0829667 0.0695465  0.498395,-14.9586  0.65636  2.58294,0.34 0.19    0,0.448768 -0.15285 0.169335,-0.34  0.19     0,-0.233386 -0.176533  0.174809,  29.661 -15.7734  118.712,0 0 0, 33.7177 -31.7311  164.214,0 0 0
0.35,0.0903087 0.0688064  0.507594,-14.3927 0.620107  2.67913,0.34 0.19    0, 0.461393 -0.148538   0.18224,-0.34  0.19     0,-0.221011  -0.17497  0.188132, 22.0535 -11.6054  88.5729,0 0 0, 25.0719 -23.5031  122.416,0 0 0
0.36,0.0978647 0.0679002  0.516751,-13.7639 0.587286   2.7769,0.34 0.19    0, 0.474172 -0.144174  0.193526,-0.34  0.19     0,-0.208485 -0.173388  0.199782, 15.0459 -7.84452  60.6123,0 0 0, 17.1064 -15.9813   83.709,0 0 0
0.37, 0.105592 0.0668611  0.525679,-13.0845 0.557095   2.8759,0.34 0.19    0, 0.487013 -0.139788  0.202867,-0.34  0.19     0,-0.195898 -0.171798  0.209426, 8.98731 -4.64714  36.3026,0 0 0, 10.2188 -9.51781  50.1027,0 0 0
0.38, 0.113447 0.0657222  0.534189,-12.3673 0.528733  2.97576,0.34 0.19    0, 0.499823 -0.135413  0.209941,-0.34  0.19     0,-0.183342 -0.170212  0.216728, 4.22726 -2.16966  17.1159,0 0 0, 4.80678 -4.46496  23.6085,0 0 0
0.39, 0.121389 0.0645169  0.542093,-11.6249 0.501399  3.07614,0.34 0.19    0, 0.51251 -0.13108 0.214423,-0.34  0.19     0,-0.170907 -0.168641  0.221354,  1.11504 -0.568481   4.52434,0 0 0, 1.26797 -1.17494  6.23728,0 0 0
0.4, 0.129373 0.0632783  0.549205,  -10.87 0.474292  3.17667,0.34 0.19    0, 0.52498 -0.12682 0.215989,-0.34  0.19     0,-0.158683 -0.167097  0.222971,-2.84217e-14            0 -1.13687e-13,0 0 0,-2.84217e-14            0 -1.13687e-13,0 0 0
0.41, 0.137364 0.0620342  0.555367,-10.1129 0.446746  3.27706,   0.341048    0.190386 0.000931567, 0.537451 -0.122561  0.214423,  -0.338926    0.190187 0.000911564,-0.146459 -0.165553  0.221354,0 0 0,0 0 0,0 0 0,0 0 0
0.42, 0.145355 0.0607901  0.560548,-9.35595 0.418627  3.37726,  0.344108   0.191511 0.00359777, 0.550138 -0.118228  0.209941,  -0.33579   0.190732 0.00352052,-0.134024 -0.163982  0.216728,0 0 0,0 0 0,0 0 0,0 0 0
0.43,0.153346 0.059546 0.564749,-8.59901 0.389939  3.47724,   0.34905    0.19333 0.00780589, 0.562948 -0.113853  0.202867, -0.330726   0.191613 0.00763828,-0.121468 -0.162396  0.209426,0 0 0,0 0 0,0 0 0,0 0 0
0.44, 0.161337 0.0583018  0.567969,-7.84211 0.360682  3.57703, 0.355747  0.195794 0.0133632, 0.575788 -0.109467  0.193526,-0.323863  0.192807 0.0130762,-0.108881 -0.160806  0.199782,0 0 0,0 0 0,0 0 0,0 0 0
0.45, 0.169328 0.0570577  0.570209,-7.08525 0.330859   3.6766, 0.364069  0.198856 0.0200769, 0.588567 -0.105102   0.18224,-0.315334  0.194291 0.0196458,-0.0963555  -0.159224   0.188132,0 0 0,0 0 0,0 0 0,0 0 0
0.46, 0.177319 0.0558136  0.571468,-6.32845 0.300471  3.77597,  0.37389   0.20247 0.0277543,0.601192 -0.10079 0.169335, -0.30527  0.196042 0.0271583,-0.0839806  -0.157661   0.174809,0 0 0,0 0 0,0 0 0,0 0 0
0.47,  0.18531 0.0545695  0.571746,-5.57169  0.26952  3.87512, 0.385079  0.206587 0.0362026,  0.613571 -0.0965623   0.155134,-0.293803  0.198036 0.0354253,-0.0718475  -0.156128   0.160149,0 0 0,0 0 0,0 0 0,0 0 0
0.48, 0.193301 0.0533254  0.571043,-4.81497 0.238009  3.97406,  0.39751  0.211161 0.0452292,   0.62561 -0.0924504   0.139961,-0.281065  0.200253  0.044258,-0.0600468  -0.154638   0.144485,0 0 0,0 0 0,0 0 0,0 0 0
0.49, 0.201292 0.0520813   0.56936,-4.05831 0.205938  4.07277, 0.411053  0.216144 0.0546412,  0.637217 -0.0884858   0.124139,-0.267186  0.202667  0.053468,-0.0486692    -0.1532   0.128153,0 0 0,0 0 0,0 0 0,0 0 0
0.5, 0.209283 0.0508372  0.566697,-3.3017 0.17331 4.17127, 0.42558 0.221489 0.064246,  0.648301 -0.0847003   0.107994,-0.252299  0.205257 0.0628665,-0.0378053  -0.151828   0.111486,0 0 0,0 0 0,0 0 0,0 0 0
0.51, 0.217275 0.0495931  0.563052,-2.54514 0.140126  4.26955, 0.440963  0.227149 0.0738507,  0.658767 -0.0811254  0.0918492,-0.236535  0.207999  0.072265,-0.0275458  -0.150532  0.0948184,0 0 0,0 0 0,0 0 0,0 0 0
0.52, 0.225266 0.0483489  0.558427,-1.78862 0.106389   4.3676, 0.457074  0.233077 0.0832628,  0.668525 -0.0777926   0.076028,-0.220025  0.210871  0.081475,-0.0179813  -0.149324  0.0784858,0 0 0,0 0 0,0 0 0,0 0 0
0.53, 0.233257 0.0471048  0.552821, -1.03217 0.0721002   4.46542, 0.473783  0.239226 0.0922893,  0.677481 -0.0747337  0.0608548,-0.202901   0.21385 0.0903077,-0.00920256   -0.148215   0.0628221,0 0 0,0 0 0,0 0 0,0 0 0
0.54, 0.241248 0.0458607  0.546235,-0.275761 0.0372611   4.56302,0.490964 0.245547 0.100738,  0.685543 -0.0719801  0.0466536,-0.185295  0.216913 0.0985747,-0.00130017   -0.147217   0.0481617,0 0 0,0 0 0,0 0 0,0 0 0
0.55, 0.249239 0.0446166  0.538668,  0.48059 0.0018736   4.66038,0.508486 0.251994 0.108415,  0.692619 -0.0695635  0.0337482,-0.167338  0.220037  0.106087,0.0056352 -0.146341 0.0348392,0 0 0,0 0 0,0 0 0,0 0 0
0.56,  0.25723 0.0433725   0.53012,   1.23689 -0.0340604    4.75751,0.526223 0.258521 0.115129,  0.698615 -0.0675154  0.0224628,-0.149162  0.223199  0.112657,0.0115129 -0.145599  0.023189,0 0 0,0 0 0,0 0 0,0 0 0
0.57, 0.265221 0.0421284  0.520591,   1.99313 -0.0705391     4.8544,0.544045 0.265078 0.120686,   0.70344 -0.0658675  0.0131213,-0.130899  0.226376  0.118095,0.0162422 -0.145001 0.0135455,0 0 0,0 0 0,0 0 0,0 0 0
0.58, 0.273212 0.0408843  0.510082,  2.74931 -0.107561   4.95105,0.561824  0.27162 0.124894,  0.707001 -0.0646512 0.00604768,-0.112679  0.229545  0.122212, 0.0197326   -0.14456 0.00624319,0 0 0,0 0 0,0 0 0,0 0 0
0.59, 0.281203 0.0396401  0.498592,  3.50544 -0.145124   5.04747,0.579432 0.278099  0.12756,  0.709205 -0.0638984 0.00156592,-0.0946342   0.232684   0.124821, 0.0218933  -0.144287 0.00161654,0 0 0,0 0 0,0 0 0,0 0 0
0.6,0.289194 0.038396 0.486122,  4.26151 -0.183226   5.14364,0.596741 0.284468 0.128492,   0.709961  -0.0636404 1.26898e-13,-0.0768967    0.23577   0.125733,  0.0226336   -0.144194 1.94622e-13,0 0 0,0 0 0,0 0 0,0 0 0
0.61, 0.297185 0.0371692  0.472727,  5.01413 -0.221615   5.23958,0.614049 0.290836  0.12756,   0.709961  -0.0636404 1.26938e-13,-0.0591591   0.238856   0.124821,  0.0226336   -0.144194 1.94575e-13,0 0 0,0.112769  9.53605  30.5316,0 0 0,-0.816817   9.04178   29.6477
0.62, 0.305171 0.0360463  0.458687,  5.74632 -0.259036   5.33535,0.631657 0.297315 0.124894,   0.709961  -0.0636404 1.26938e-13,-0.0411146   0.241995   0.122212,  0.0226336   -0.144194 1.94575e-13,0 0 0,0.400435  33.9083  108.563,0 0 0,-2.90534  32.1511  105.418
0.63, 0.31315 0.035131 0.444339,  6.43773 -0.293984   5.43103,0.649437 0.303857 0.120686,   0.709961  -0.0636404 1.26938e-13,-0.0228947   0.245164   0.118095,  0.0226336   -0.144194 1.94575e-13,0 0 0,0.787034   66.763  213.748,0 0 0,-5.72269   63.304   207.55
0.64, 0.321116 0.0345273  0.430019,  7.06797 -0.324953   5.52669,0.667259 0.310415 0.115129,   0.709961  -0.0636404 1.26938e-13,-0.00463094    0.248342    0.112657,  0.0226336   -0.144194 1.94575e-13,0 0 0, 1.1966 101.746 325.741,0 0 0,-8.72599  96.4763  316.286
0.65,0.329067 0.034339 0.416063,   7.6167 -0.350438   5.62241,0.684995 0.316941 0.108415,   0.709961  -0.0636404 1.26938e-13,0.0135451  0.251504  0.106087,  0.0226336   -0.144194 1.94575e-13,0 0 0,1.55318 132.504 424.197,0 0 0,-11.3723  125.644  411.864
0.66,0.336997  0.03467 0.402807,  8.06353 -0.368932   5.71828,0.702518 0.323388 0.100738,   0.709961  -0.0636404 1.26938e-13,0.0315019  0.254627 0.0985747,  0.0226336   -0.144194 1.94575e-13,0 0 0, 1.7808 152.683 488.771,0 0 0,-13.1188  144.783  474.526
0.67, 0.344904 0.0356241  0.390588,  8.38811 -0.378932   5.81435, 0.719698   0.32971 0.0922893,   0.709961  -0.0636404 1.26938e-13,0.0491079   0.25769 0.0903077,  0.0226336   -0.144194 1.94575e-13,0 0 0,1.81844 157.143 503.006,0 0 0,-13.5257  149.021  488.291
0.68, 0.352783 0.0373051   0.37974,  8.57008 -0.378931   5.91072, 0.736408  0.335858 0.0832628,   0.709961  -0.0636404 1.26938e-13,0.0662316  0.260669  0.081475,  0.0226336   -0.144194 1.94575e-13,0 0 0,1.80669 157.197 503.139,0 0 0,-13.5506  149.078  488.373
0.69,0.360629 0.039817 0.370602,  8.58905 -0.367423   6.00746, 0.752518  0.341786 0.0738507,   0.709961  -0.0636404 1.26938e-13,0.0827413  0.263541  0.072265,  0.0226336   -0.144194 1.94575e-13,0 0 0,1.79963 157.229 503.219,0 0 0,-13.5655  149.113  488.422
0.7,  0.36844 0.0432635  0.363508,  8.42467 -0.342904   6.10463,0.767901 0.347446 0.064246,   0.709961  -0.0636404 1.26938e-13,0.0985056  0.266283 0.0628665,  0.0226336   -0.144194 1.94575e-13,0 0 0,1.79728 157.239 503.245,0 0 0,-13.5705  149.124  488.438
0.71,0.376212 0.047714 0.358683,  8.06337 -0.304344   6.20229, 0.782428  0.352791 0.0546412,   0.709961  -0.0636404 1.26938e-13,0.113393 0.268873 0.053468,  0.0226336   -0.144194 1.94575e-13,0 0 0,1.79963 157.229 503.219,0 0 0,-13.5655  149.113  488.422
0.72, 0.383949 0.0530991  0.355903,  7.51873 -0.252616    6.3003, 0.795971  0.357775 0.0452292,   0.709961  -0.0636404 1.26938e-13,0.127272 0.271288 0.044258,  0.0226336   -0.144194 1.94575e-13,0 0 0,1.80669 157.197 503.139,0 0 0,-13.5506  149.078  488.373
0.73,0.391653 0.059315 0.354832,  6.81116 -0.189069   6.39847, 0.808402  0.362348 0.0362026,   0.709961  -0.0636404 1.26938e-13,  0.14001  0.273504 0.0354253,  0.0226336   -0.144194 1.94575e-13,0 0 0,1.81844 157.143 503.006,0 0 0,-13.5257  149.021  488.291
0.74,  0.39933 0.0662579  0.355133,  5.96103 -0.115052   6.49665, 0.819592  0.366466 0.0277543,   0.709961  -0.0636404 1.26938e-13, 0.151477  0.275499 0.0271583,  0.0226336   -0.144194 1.94575e-13,0 0 0, 1.7808 152.683 488.771,0 0 0,-13.1188  144.783  474.526
0.75, 0.406982 0.0738239  0.356471,  4.98873 -0.031916   6.59466, 0.829412  0.370079 0.0200769,   0.709961  -0.0636404 1.26938e-13, 0.161541  0.277249 0.0196458,  0.0226336   -0.144194 1.94575e-13,0 0 0,1.55318 132.504 424.197,0 0 0,-11.3723  125.644  411.864
0.76, 0.414615 0.0819091  0.358508,  3.91466 0.0589911   6.69231, 0.837735  0.373141 0.0133632,   0.709961  -0.0636404 1.26938e-13,  0.17007  0.278733 0.0130762,  0.0226336   -0.144194 1.94575e-13,0 0 0, 1.1966 101.746 325.741,0 0 0,-8.72599  96.4763  316.286
0.77, 0.422231 0.0904098   0.36091, 2.7592 0.15632 6.78945,  0.844431   0.375605 0.00780589,   0.709961  -0.0636404 1.26938e-13,  0.176932   0.279927 0.00763828,  0.0226336   -0.144194 1.94575e-13,0 0 0,0.787034   66.763  213.748,0 0 0,-5.72269   63.304   207.55
0.78,0.429836 0.099222 0.363339,1.54274 0.25872 6.88589,  0.849373   0.377424 0.00359777,   0.709961  -0.0636404 1.26938e-13,  0.181997   0.280808 0.00352052,  0.0226336   -0.144194 1.94575e-13,0 0 0,0.400435  33.9083  108.563,0 0 0,-2.90534  32.1511  105.418
0.79,0.437433 0.108242 0.365461,0.285661 0.364844  6.98146,   0.852433     0.37855 0.000931567,   0.709961  -0.0636404 1.26938e-13,   0.185132    0.281353 0.000911564,  0.0226336   -0.144194 1.94575e-13,0 0 0,0.112769  9.53605  30.5316,0 0 0,-0.816817   9.04178   29.6477
0.8,0.445025 0.117366 0.366937,-0.991639  0.473341     7.076,    0.853481     0.378935 -1.16906e-13,   0.709961  -0.0636404 1.26938e-13,   0.186207     0.28154 1.50158e-13,  0.0226336   -0.144194 1.94575e-13,0 0 0,          0           0 2.27374e-13,0 0 0,-3.55271e-15 -5.68434e-14  1.13687e-13
0.81,0.452616 0.126493  0.36754,-2.26898 0.582311  7.16915,    0.853481     0.378935 -1.16939e-13,   0.710907  -0.0631597 0.000957146,   0.186207     0.28154 1.50037e-13,  0.0238062    -0.14363 0.000984123,-0.0575892   -7.99544    29.3244,0 0 0,-1.59528 -6.66416  25.4975,0 0 0
0.82,0.460197 0.135539 0.367469,-3.52701 0.687644  7.25992,    0.853481     0.378935 -1.16939e-13,  0.713666 -0.0617568 0.00369656,   0.186207     0.28154 1.50037e-13,  0.027228  -0.141984 0.00380075,-0.205075   -28.431   104.269,0 0 0,-5.67418 -23.6955  90.6592,0 0 0
0.83,0.467759  0.14442 0.367029,-4.74658 0.784683  7.34713,    0.853481     0.378935 -1.16939e-13,  0.718125 -0.0594906 0.00802022,   0.186207     0.28154 1.50037e-13, 0.0327555  -0.139326 0.00824627,-0.404536  -55.9806   205.293,0 0 0,-11.1763 -46.6522  178.489,0 0 0
0.84,0.475294 0.153056 0.366527,-5.90853 0.868765  7.42963,    0.853481     0.378935 -1.16939e-13,  0.724166 -0.0564201  0.0137301,   0.186207     0.28154 1.50037e-13,0.0402452 -0.135724 0.0141171,-0.61805 -85.3181  312.852,0 0 0,-17.0412 -71.0926  271.989,0 0 0
0.85,0.482791 0.161364 0.366268,-6.99372 0.935231  7.50624,    0.853481     0.378935 -1.16939e-13,  0.731673 -0.0526039  0.0206281,   0.186207     0.28154 1.50037e-13,0.0495535 -0.131248 0.0212095,-0.807694  -111.117   407.405,0 0 0,-22.2085  -92.575  354.165,0 0 0
0.86,0.490242 0.169263  0.36656,-7.98299 0.979422  7.57579,    0.853481     0.378935 -1.16939e-13, 0.740532 -0.048101 0.0285163,   0.186207     0.28154 1.50037e-13,0.0605368 -0.125966 0.0293201,-0.935546  -128.052   469.409,0 0 0,-25.6179 -106.658  408.019,0 0 0
0.87,0.497637 0.176669 0.367708, -8.8572 0.996677  7.63711,    0.853481     0.378935 -1.16939e-13,  0.750626 -0.0429702  0.0371967,   0.186207     0.28154 1.50037e-13,0.0730516 -0.119947  0.038245,-0.970706  -131.814   483.058,0 0 0,-26.4101 -109.748  419.806,0 0 0
0.88,0.504967 0.183503 0.370018, -9.5972 0.982335  7.68904,    0.853481     0.378935 -1.16939e-13,  0.761839 -0.0372705  0.0464711,   0.186207     0.28154 1.50037e-13,0.0869542 -0.113261 0.0477809,-0.977765  -131.876   483.168,0 0 0,-26.4568 -109.764  419.835,0 0 0
0.89,0.512222 0.189681 0.373797,-10.1838 0.931738  7.73041,    0.853481     0.378935 -1.16939e-13,  0.774056 -0.0310606  0.0561416,   0.186207     0.28154 1.50037e-13, 0.102101 -0.105977 0.0577239,-0.982001  -131.914   483.233,0 0 0,-26.4849 -109.773  419.853,0 0 0
0.9,0.519393 0.195121  0.37935,-10.5979 0.840224  7.76005,    0.853481     0.378935 -1.16939e-13,  0.787161 -0.0243995  0.0660101,   0.186207     0.28154 1.50037e-13,  0.118349 -0.0981636  0.0678705,-0.983412  -131.926   483.255,0 0 0,-26.4942 -109.776  419.858,0 0 0
0.91,0.526474 0.199769 0.386882,-10.8268 0.704675  7.77716,    0.853481     0.378935 -1.16939e-13, 0.801038 -0.017346 0.0758786,   0.186207     0.28154 1.50037e-13,  0.135554 -0.0898896  0.0780172,-0.982001  -131.914   483.233,0 0 0,-26.4849 -109.773  419.853,0 0 0
0.92,0.533472  0.20368 0.396189,-10.8831 0.528132  7.78248,    0.853481     0.378935 -1.16939e-13,   0.815571 -0.00995888    0.085549,   0.186207     0.28154 1.50037e-13,  0.153572 -0.0812244  0.0879602,-0.977765  -131.876   483.168,0 0 0,-26.4568 -109.764  419.835,0 0 0
0.93,0.540395 0.206936 0.406964, -10.786 0.315177  7.77709,    0.853481     0.378935 -1.16939e-13,  0.830644 -0.0022971  0.0948234,   0.186207     0.28154 1.50037e-13,  0.17226 -0.072237  0.097496,-0.970706  -131.814   483.058,0 0 0,-26.4101 -109.748  419.806,0 0 0
0.94,0.547252 0.209618 0.418901, -10.5546 0.0703928   7.76209,    0.853481     0.378935 -1.16939e-13, 0.846142 0.0055805  0.103504,   0.186207     0.28154 1.50037e-13,  0.191475 -0.0629964   0.106421,-0.935546  -128.052   469.409,0 0 0,-25.6179 -106.658  408.019,0 0 0
0.95,0.554054 0.211808 0.431695, -10.2081 -0.201639   7.73859,    0.853481     0.378935 -1.16939e-13, 0.861948 0.0136151  0.111392,   0.186207     0.28154 1.50037e-13,  0.211073 -0.0535717   0.114532,-0.807694  -111.117   407.405,0 0 0,-22.2085  -92.575  354.165,0 0 0
0.96,0.560809 0.213589 0.445039, -9.76565 -0.496337   7.70768,    0.853481     0.378935 -1.16939e-13, 0.877948 0.0217477   0.11829,   0.186207     0.28154 1.50037e-13,  0.23091 -0.044032  0.121624,-0.61805 -85.3181  312.852,0 0 0,-17.0412 -71.0926  271.989,0 0 0
0.97,0.567527 0.215042 0.458626, -9.24631 -0.809118   7.67045,    0.853481     0.378935 -1.16939e-13, 0.894025 0.0299196     0.124,   0.186207     0.28154 1.50037e-13,  0.250842 -0.0344462   0.127495,-0.404536  -55.9806   205.293,0 0 0,-11.1763 -46.6522  178.489,0 0 0
0.98,0.574217  0.21625 0.472151,-8.66923  -1.1354  7.62801,    0.853481     0.378935 -1.16939e-13, 0.910063 0.0380719  0.128324,   0.186207     0.28154 1.50037e-13,  0.270727 -0.0248834    0.13194,-0.205075   -28.431   104.269,0 0 0,-5.67418 -23.6955  90.6592,0 0 0
0.99,0.580889 0.217293 0.485308,-8.05356  -1.4706  7.58146,    0.853481     0.378935 -1.16939e-13, 0.925947 0.0461457  0.131063,   0.186207     0.28154 1.50037e-13,   0.29042 -0.0154127   0.134757,-0.0575892   -7.99544    29.3244,0 0 0,-1.59528 -6.66416  25.4975,0 0 0
1,0.587551 0.218254 0.497791,-7.41842 -1.81014  7.53188,    0.853481     0.378935 -1.16939e-13, 0.941561 0.0540822   0.13202,   0.186207     0.28154 1.50037e-13,   0.309779 -0.00610305    0.135741,           0 -1.13687e-13 -1.13687e-13,0 0 0,           0 -8.52651e-14  2.27374e-13,0 0 0
1.01,0.594211 0.219202 0.509343,-6.77976 -2.15019  7.48021,  0.854235   0.379178 0.00175026, 0.957175 0.0620187  0.131942,    0.18692    0.281949 0.000860214,  0.329137 0.00320657   0.134757,0 0 0,0 0 0,0 0 0,0 0 0
1.02,0.600872  0.22015 0.519915,-6.14075 -2.48999  7.42661,  0.856436   0.379887 0.00675963, 0.973059 0.0700925  0.131718, 0.189001  0.283144 0.0033222, 0.348831 0.0126773   0.13194,0 0 0,0 0 0,0 0 0,0 0 0
1.03,0.607533 0.221098 0.529507,-5.50137 -2.82951  7.37107, 0.85999 0.381033 0.014666, 0.989097 0.0782448  0.131364,0.192362 0.285073 0.007208, 0.368715 0.0222401  0.127495,0 0 0,0 0 0,0 0 0,0 0 0
1.04,0.614193 0.222045 0.538117,-4.86158 -3.16876   7.3136, 0.864806  0.382585 0.0251072,  1.00517 0.0864167  0.130896, 0.196917  0.287687 0.0123396, 0.388648 0.0318259  0.121624,0 0 0,0 0 0,0 0 0,0 0 0
1.05,0.620854 0.222993 0.545747,-4.22137 -3.50771   7.2542, 0.870792  0.384514 0.0377212,  1.02117 0.0945493  0.130331, 0.202578  0.290936 0.0185391, 0.408485 0.0413657  0.114532,0 0 0,0 0 0,0 0 0,0 0 0
1.06,0.627514 0.223941 0.552397,-3.58072 -3.84635  7.19284, 0.877854  0.386789 0.0521457, 1.03698 0.102584 0.129686, 0.209257  0.294769 0.0256284, 0.428083 0.0507903  0.106421,0 0 0,0 0 0,0 0 0,0 0 0
1.07,0.634175 0.224889 0.558065,-2.93959 -4.18467  7.12954, 0.885902  0.389383 0.0680188, 1.05248 0.110461 0.128975, 0.216868  0.299137 0.0334297, 0.447298 0.0600309  0.097496,0 0 0,0 0 0,0 0 0,0 0 0
1.08,0.640835 0.225837 0.562753,-2.29798 -4.52265  7.06428, 0.894841  0.392263 0.0849783, 1.06755 0.118123 0.128216, 0.225323  0.303989 0.0417649, 0.465986 0.0690183 0.0879602,0 0 0,0 0 0,0 0 0,0 0 0
1.09,0.647496 0.226784 0.566461,-1.65584  -4.8603  6.99706,0.904581 0.395402 0.102662, 1.08208  0.12551 0.127424,0.234534 0.309276 0.050456, 0.484004 0.0776835 0.0780172,0 0 0,0 0 0,0 0 0,0 0 0
1.1,0.654156 0.227732 0.569188,-1.01316 -5.19758  6.92787,0.915029 0.398769 0.120708, 1.09596 0.132564 0.126617, 0.244415  0.314946 0.0593251, 0.501209 0.0859575 0.0678705,0 0 0,0 0 0,0 0 0,0 0 0
1.11,0.660817  0.22868 0.570934,-0.369923   -5.5345   6.85671,0.926092 0.402334 0.138754, 1.10907 0.139225 0.125809, 0.254878  0.320951 0.0681942, 0.517457 0.0937711 0.0577239,0 0 0,0 0 0,0 0 0,0 0 0
1.12,0.667478 0.229628 0.571699,0.273907 -5.87103  6.78358,0.937679 0.406067 0.156437, 1.12128 0.145435 0.125017, 0.265835   0.32724 0.0768853, 0.532604  0.101055 0.0477809,0 0 0,0 0 0,0 0 0,0 0 0
1.13,0.674138 0.230575 0.571484, 0.91835 -6.20716  6.70846,0.949696  0.40994 0.173397,  1.1325 0.151135 0.124258, 0.277201  0.333762 0.0852205,0.546506 0.107741 0.038245,0 0 0,0 0 0,0 0 0,0 0 0
1.14,0.680799 0.231523 0.570288, 1.56343 -6.54289  6.63135,0.962051 0.413921  0.18927, 1.14259 0.156265 0.123547, 0.288886  0.340469 0.0930217, 0.559021   0.11376 0.0293201,0 0 0,0 0 0,0 0 0,0 0 0
1.15,0.687459 0.232471 0.568111, 2.20917 -6.87819  6.55223,0.974653 0.417982 0.203694, 1.15145 0.160768 0.122902,0.300804 0.347309 0.100111, 0.570004  0.119042 0.0212095,0 0 0,0 0 0,0 0 0,0 0 0
1.16, 0.69412 0.233419 0.564954, 2.85559 -7.21306  6.47111,0.987409 0.422093 0.216308, 1.15896 0.164584 0.122337,0.312868 0.354232 0.106311, 0.579313  0.123518 0.0141171,0 0 0,0 0 0,0 0 0,0 0 0
1.17, 0.70078 0.234367 0.560816, 3.50273 -7.54747  6.38798, 1.00023 0.426223 0.226749,   1.165 0.167655 0.121869,0.324989 0.361189 0.111442,  0.586802    0.12712 0.00824627,0 0 0,0 0 0,0 0 0,0 0 0
1.18,0.707441 0.235314 0.555697, 4.15059 -7.88143  6.30282, 1.01301 0.430343 0.234656, 1.16946 0.169921 0.121516,0.337082 0.368129 0.115328,   0.59233   0.129778 0.00380075,0 0 0,0 0 0,0 0 0,0 0 0
1.19,0.714101 0.236262 0.549598,4.79921 -8.2149 6.21564, 1.02568 0.434424 0.239665, 1.17222 0.171324 0.121291,0.349059 0.375002  0.11779,   0.595752    0.131424 0.000984123,0 0 0,0 0 0,0 0 0,0 0 0
1.2,0.720762  0.23721 0.542518, 5.44862 -8.54789  6.12642, 1.03812 0.438435 0.241415, 1.17316 0.171805 0.121213,0.360831 0.381759  0.11865,   0.596924    0.131988 6.50424e-13,0 0 0,0 0 0,0 0 0,0 0 0
1.21,0.727414 0.238165 0.534498, 6.09674 -8.88036  6.03485, 1.05057 0.442446 0.240796, 1.17316 0.171805 0.121213,0.372604 0.388515  0.11779,   0.596924    0.131988 6.50438e-13,0 0 0,-6.3569 2.83428 19.7834,0 0 0,-2.92047  5.12049  23.4468
1.22,0.734014 0.239165 0.525738, 6.73317 -9.21222  5.93938, 1.06324 0.446527 0.239022, 1.17316 0.171805 0.121213, 0.38458 0.395388 0.115328,   0.596924    0.131988 6.50438e-13,0 0 0,-22.6019  10.0808   70.343,0 0 0,-10.3841  18.2074  83.3679
1.23,0.740511 0.240254  0.51648, 7.34542 -9.54338  5.83818, 1.07602 0.450647 0.236223, 1.17316 0.171805 0.121213,0.396673 0.402329 0.111442,   0.596924    0.131988 6.50438e-13,0 0 0,-44.4965  19.8548  138.493,0 0 0,-20.444 35.8489 164.134
1.24,0.746852 0.241476 0.506966, 7.92099 -9.87372  5.72938, 1.08884 0.454778 0.232526, 1.17316 0.171805 0.121213,0.408795 0.409285 0.106311,   0.596924    0.131988 6.50438e-13,0 0 0,-67.8021   30.272  211.047,0 0 0,-31.1535  54.6331  250.116
1.25,0.752987 0.242877 0.497437, 8.44739 -10.2031  5.61116,  1.1016 0.458888  0.22806, 1.17316 0.171805 0.121213,0.420858 0.416209 0.100111,   0.596924    0.131988 6.50438e-13,0 0 0,-88.2802  39.4476   274.82,0 0 0,-40.566 71.1481 325.686
1.26,0.758862 0.244501 0.488133, 8.91213 -10.5316  5.48164,  1.1142 0.462949 0.222952, 1.17316 0.171805 0.121213, 0.432776  0.423049 0.0930217,   0.596924    0.131988 6.50438e-13,0 0 0,-101.692  45.4971  316.626,0 0 0,-46.7345  81.9822  375.213
1.27,0.764427 0.246392 0.479297,  9.3027 -10.8588    5.339, 1.12655 0.466931 0.217332, 1.17316 0.171805 0.121213, 0.444462  0.429755 0.0852205,   0.596924    0.131988 6.50438e-13,0 0 0,-104.611  46.8941    325.8,0 0 0,-48.0847  84.3755  386.058
1.28, 0.76963 0.248595  0.47117, 9.60663 -11.1849  5.18137, 1.13857 0.470803 0.211327, 1.17316 0.171805 0.121213, 0.455827  0.436278 0.0768853,   0.596924    0.131988 6.50438e-13,0 0 0,-104.602  46.9684  325.846,0 0 0,-48.0882  84.4027   386.09
1.29,0.774418 0.251154 0.463993,  9.8114 -11.5096  5.00692, 1.15016 0.474537 0.205066, 1.17316 0.171805 0.121213, 0.466785  0.442566 0.0681942,   0.596924    0.131988 6.50438e-13,0 0 0,-104.596   47.013  325.873,0 0 0,-48.0903   84.419  386.109
1.3,0.778741 0.254114 0.458008,9.90453 -11.833 4.81379, 1.16122 0.478102 0.198676, 1.17316 0.171805 0.121213, 0.477247  0.448571 0.0593251,   0.596924    0.131988 6.50438e-13,0 0 0,-104.595  47.0278  325.883,0 0 0,-48.091 84.4245 386.116
1.31,0.782564 0.257506 0.453375,  9.8777 -12.1548  4.60081, 1.17167 0.481468 0.192287, 1.17316 0.171805 0.121213,0.487128 0.454242 0.050456,   0.596924    0.131988 6.50438e-13,0 0 0,-104.596   47.013  325.873,0 0 0,-48.0903   84.419  386.109
1.32, 0.78592 0.261298 0.449934, 9.73927 -12.4754  4.36945, 1.18141 0.484607 0.186026, 1.17316 0.171805 0.121213,  0.49634  0.459528 0.0417649,   0.596924    0.131988 6.50438e-13,0 0 0,-104.602  46.9684  325.846,0 0 0,-48.0882  84.4027   386.09
1.33,0.788863 0.265446 0.447442, 9.50177 -12.7949  4.12189, 1.19035 0.487488 0.180021, 1.17316 0.171805 0.121213, 0.504794   0.46438 0.0334297,   0.596924    0.131988 6.50438e-13,0 0 0,-104.611  46.8941    325.8,0 0 0,-48.0847  84.3755  386.058
1.34,0.791443 0.269907  0.44566, 9.17774 -13.1137  3.86028, 1.19839 0.490081 0.174401, 1.17316 0.171805 0.121213, 0.512405  0.468748 0.0256284,   0.596924    0.131988 6.50438e-13,0 0 0,-101.692  45.4971  316.626,0 0 0,-46.7345  81.9822  375.213
1.35,0.793713 0.274635 0.444345, 8.77971 -13.4321  3.58677, 1.20546 0.492357 0.169293, 1.17316 0.171805 0.121213, 0.519085  0.472582 0.0185391,   0.596924    0.131988 6.50438e-13,0 0 0,-88.2802  39.4476   274.82,0 0 0,-40.566 71.1481 325.686
1.36,0.795724 0.279586 0.443256, 8.32023 -13.7502  3.30353, 1.21144 0.494286 0.164827, 1.17316 0.171805 0.121213, 0.524745   0.47583 0.0123396,   0.596924    0.131988 6.50438e-13,0 0 0,-67.8021   30.272  211.047,0 0 0,-31.1535  54.6331  250.116
1.37,0.797528 0.284715 0.442152, 7.81181 -14.0684  3.01271, 1.21626 0.495838  0.16113, 1.17316 0.171805 0.121213,  0.5293 0.478444 0.007208,   0.596924    0.131988 6.50438e-13,0 0 0,-44.4965  19.8548  138.493,0 0 0,-20.444 35.8489 164.134
1.38,0.799177 0.289977 0.440792, 7.26701 -14.3869  2.71647, 1.21981 0.496983 0.158331, 1.17316 0.171805 0.121213, 0.532662  0.480374 0.0033222,   0.596924    0.131988 6.50438e-13,0 0 0,-22.6019  10.0808   70.343,0 0 0,-10.3841  18.2074  83.3679
1.39,0.800722 0.295329 0.438933, 6.69835 -14.7059  2.41697, 1.22201 0.497692 0.156557, 1.17316 0.171805 0.121213,   0.534743    0.481568 0.000860214,   0.596924    0.131988 6.50438e-13,0 0 0,-6.3569 2.83428 19.7834,0 0 0,-2.92047  5.12049  23.4468
1.4,0.802215 0.300726 0.436335, 6.11836 -15.0258  2.11636, 1.22277 0.497935 0.155937, 1.17316 0.171805 0.121213,   0.535456    0.481977 4.68681e-13,   0.596924    0.131988 6.50438e-13,0 0 0,-2.84217e-14            0  1.13687e-13,0 0 0,-1.42109e-14  5.68434e-14  1.13687e-13
1.41,0.803705 0.306106 0.432854, 5.53852 -15.3456    1.817, 1.22277 0.497935 0.155937, 1.17322 0.171263 0.121799,   0.535456    0.481977 4.68684e-13,   0.596796    0.131491 0.000150273,-4.65418 -8.07677   19.345,0 0 0, 9.93211 -16.9823  42.4713,0 0 0
1.42,0.805225 0.311347 0.428738, 4.96594 -15.6591  1.52206, 1.22277 0.497935 0.155937,  1.1734 0.169683 0.123475,   0.535456    0.481977 4.68684e-13,   0.596423    0.130042 0.000580363,-16.5416   -28.72  68.7849,0 0 0, 35.3202 -60.3845  151.018,0 0 0
1.43,0.806804 0.316307 0.424332, 4.40671 -15.9591  1.23489, 1.22277 0.497935 0.155937, 1.17369 0.167129 0.126121,   0.535456    0.481977 4.68684e-13,   0.59582   0.127701 0.00125918,-32.5494 -56.5491  135.427,0 0 0,69.5518 -118.89 297.341,0 0 0
1.44,0.808474 0.320847 0.419982, 3.86687 -16.2381 0.958853, 1.22277 0.497935 0.155937, 1.17408  0.16367 0.129615,   0.535456    0.481977 4.68684e-13,  0.595003   0.124529 0.00215563,-49.5651 -86.1834   206.38,0 0 0, 106.015 -181.182  453.139,0 0 0
1.45,0.810263 0.324827 0.416032, 3.35248  -16.489 0.697311, 1.22277 0.497935 0.155937, 1.17456  0.15937 0.133837,   0.535456    0.481977 4.68684e-13,  0.593988   0.120587 0.00323863,-64.4758 -112.242  268.749,0 0 0, 138.096 -235.943  590.111,0 0 0
1.46,0.812202 0.328107 0.412829, 2.86962 -16.7043 0.453621, 1.22277 0.497935 0.155937, 1.17513 0.154297 0.138664,   0.535456    0.481977 4.68684e-13,   0.59279   0.115935 0.00447708,-74.1689 -129.345  309.644,0 0 0, 159.184 -271.856  679.959,0 0 0
1.47, 0.81432 0.330546 0.410717, 2.42434 -16.8768 0.231146, 1.22277 0.497935 0.155937, 1.17578 0.148516 0.143976,   0.535456    0.481977 4.68684e-13, 0.591424  0.110635 0.0058399,-76.1322 -133.139  318.636,0 0 0, 163.927 -279.769  699.789,0 0 0
1.48,0.816648 0.332005 0.410043,   2.0227  -16.9991 0.0332443, 1.22277 0.497935 0.155937, 1.17651 0.142094 0.149651,   0.535456    0.481977 4.68684e-13,  0.589908   0.104747 0.00729599,-75.9832 -133.198  318.698,0 0 0, 164.062 -279.839  699.999,0 0 0
1.49,0.819215 0.332344 0.411151,  1.67076  -17.0638 -0.136723, 1.22277 0.497935 0.155937, 1.17729 0.135098 0.155569,   0.535456    0.481977 4.68684e-13,  0.588256  0.0983314 0.00881426,-75.8938 -133.233  318.735,0 0 0, 164.143 -279.882  700.124,0 0 0
1.5,0.822052 0.331422 0.414387,  1.37459  -17.0637 -0.275397, 1.22277 0.497935 0.155937, 1.17814 0.127593 0.161609,   0.535456    0.481977 4.68684e-13, 0.586483 0.0914502 0.0103636, -75.864 -133.245  318.747,0 0 0,  164.17 -279.896  700.166,0 0 0
1.51,0.825178 0.329147 0.419981,  1.13821  -16.9938 -0.380553, 1.22277 0.497935 0.155937, 1.17903 0.119646 0.167648,   0.535456    0.481977 4.68684e-13, 0.584607 0.0841636  0.011913,-75.8938 -133.233  318.735,0 0 0, 164.143 -279.882  700.124,0 0 0
1.52,0.828574 0.325611 0.427703, 0.957499  -16.8589 -0.454518, 1.22277 0.497935 0.155937, 1.17997 0.111323 0.173566,   0.535456    0.481977 4.68684e-13, 0.582641 0.0765324 0.0134313,-75.9832 -133.198  318.698,0 0 0, 164.062 -279.839  699.999,0 0 0
1.53,0.832209 0.320955 0.437208, 0.826313  -16.6663 -0.500755, 1.22277 0.497935 0.155937, 1.18094 0.102691 0.179241,   0.535456    0.481977 4.68684e-13, 0.580603 0.0686175 0.0148873,-76.1322 -133.139  318.636,0 0 0, 163.927 -279.769  699.789,0 0 0
1.54,0.836054 0.315318 0.448149, 0.738498  -16.4232 -0.522726, 1.22277 0.497935 0.155937,  1.18194 0.0938151  0.184553,   0.535456    0.481977 4.68684e-13, 0.578507 0.0604795 0.0162502,-74.1689 -129.345  309.644,0 0 0, 159.184 -271.856  679.959,0 0 0
1.55,0.840078 0.308841 0.460182, 0.687902  -16.1368 -0.523896, 1.22277 0.497935 0.155937,  1.18296 0.0847627  0.189381,   0.535456    0.481977 4.68684e-13, 0.576369 0.0521795 0.0174886,-64.4758 -112.242  268.749,0 0 0, 138.096 -235.943  590.111,0 0 0
1.56,0.844252 0.301664 0.472962, 0.668373  -15.8142 -0.507726, 1.22277 0.497935 0.155937,  1.18399 0.0755998  0.193602,   0.535456    0.481977 4.68684e-13, 0.574205 0.0437781 0.0185716,-49.5651 -86.1834   206.38,0 0 0, 106.015 -181.182  453.139,0 0 0
1.57,0.848545 0.293927 0.486143,  0.67376  -15.4628 -0.477679, 1.22277 0.497935 0.155937,  1.18503 0.0663927  0.197096,   0.535456    0.481977 4.68684e-13, 0.572031 0.0353362 0.0194681,-32.5494 -56.5491  135.427,0 0 0,69.5518 -118.89 297.341,0 0 0
1.58,0.852929 0.285769 0.499379,0.697911 -15.0898 -0.43722, 1.22277 0.497935 0.155937,  1.18606 0.0572077  0.199742,   0.535456    0.481977 4.68684e-13, 0.569862 0.0269145 0.0201469,-16.5416   -28.72  68.7849,0 0 0, 35.3202 -60.3845  151.018,0 0 0
1.59,0.857372 0.277332 0.512325,0.734674 -14.7023 -0.38981, 1.22277 0.497935 0.155937,  1.18708 0.0481111  0.201419,   0.535456    0.481977 4.68684e-13, 0.567713 0.0185739  0.020577,-4.65418 -8.07677   19.345,0 0 0, 9.93211 -16.9823  42.4713,0 0 0
1.6,0.861845 0.268754 0.524636, 0.777899  -14.3077 -0.338913, 1.22277 0.497935 0.155937,  1.18809 0.0391693  0.202004,   0.535456    0.481977 4.68684e-13, 0.565602 0.0103752 0.0207272,          0           0 2.27374e-13,0 0 0,           0 -1.13687e-13  2.27374e-13,0 0 0
1.61,0.866323 0.260153 0.536023, 0.822458  -13.9118 -0.287414, 1.22272  0.49728 0.156107,   1.1891 0.0302275   0.20157,   0.53577   0.481344 0.00107481,   0.56349 0.00217647   0.020577,0 0 0,0 0 0,0 0 0,0 0 0
1.62,0.870802 0.251552  0.54643, 0.867327  -13.5159 -0.235887, 1.22258 0.495367 0.156595,  1.19012 0.0211309  0.200327,  0.536689   0.479497 0.00415098,   0.561342 -0.00616412   0.0201469,0 0 0,0 0 0,0 0 0,0 0 0
1.63, 0.87528 0.242951 0.555857, 0.912506  -13.1201 -0.184326, 1.22235 0.492278 0.157364,  1.19115 0.0119459  0.198366,  0.538173   0.476513 0.00900615,  0.559173 -0.0145858  0.0194681,0 0 0,0 0 0,0 0 0,0 0 0
1.64,0.879758  0.23435 0.564303, 0.957994  -12.7243 -0.132727, 1.22205 0.488093 0.158379,   1.19219 0.00273877   0.195776, 0.540183   0.47247 0.0154179,  0.556999 -0.0230277  0.0185716,0 0 0,0 0 0,0 0 0,0 0 0
1.65,0.884236 0.225749 0.571768,   1.00379   -12.3284 -0.0810851, 1.22167 0.482891 0.159606,    1.19322 -0.00642413    0.192646,0.542682 0.467446 0.023164,  0.554835 -0.0314291  0.0174886,0 0 0,0 0 0,0 0 0,0 0 0
1.66,0.888714 0.217148 0.578252,    1.0499   -11.9326 -0.0293962, 1.22122 0.476753 0.161009,   1.19424 -0.0154765   0.189068,  0.54563  0.461517 0.0320219,  0.552697 -0.0397292  0.0162502,0 0 0,0 0 0,0 0 0,0 0 0
1.67,0.893193 0.208547 0.583756,  1.09632  -11.5368 0.0223446, 1.22071  0.46976 0.162552,  1.19524 -0.024352   0.18513, 0.548989  0.454761 0.0417693,  0.550601 -0.0478671  0.0148873,0 0 0,0 0 0,0 0 0,0 0 0
1.68,0.897671 0.199946 0.588279,  1.14306  -11.1411 0.0741418, 1.22014  0.46199 0.164202,   1.19621 -0.0329844   0.180923, 0.552721  0.447256 0.0521838, 0.548562 -0.055782 0.0134313,0 0 0,0 0 0,0 0 0,0 0 0
1.69,0.902149 0.191345 0.591821,  1.1901 -10.7453    0.126, 1.21952 0.453526 0.165922,   1.19715 -0.0413073   0.176536,0.556787  0.43908 0.063043,  0.546597 -0.0634132   0.011913,0 0 0,0 0 0,0 0 0,0 0 0
1.7,0.906627 0.182744 0.594383, 1.23746 -10.3495 0.177924, 1.21885 0.444446 0.167677,   1.19804 -0.0492543   0.172059, 0.561149  0.430309 0.0741247,   0.54472 -0.0706998  0.0103636,0 0 0,0 0 0,0 0 0,0 0 0
1.71,0.911105 0.174143 0.595964, 1.28512  -9.9538 0.229919, 1.21815 0.434832 0.169432,   1.19889 -0.0567593   0.167582, 0.565767  0.421022 0.0852063,  0.542948 -0.0775811 0.00881426,0 0 0,0 0 0,0 0 0,0 0 0
1.72,0.915584 0.165542 0.596565,  1.3331 -9.55807 0.281988, 1.21741 0.424762 0.171152,   1.19968 -0.0637558   0.163195, 0.570604  0.411295 0.0960656,  0.541296 -0.0839961 0.00729599,0 0 0,0 0 0,0 0 0,0 0 0
1.73,0.920062 0.156941 0.596184,  1.3814 -9.16236 0.334137, 1.21665 0.414319 0.172801,    1.2004 -0.0701776   0.158988, 0.57562 0.401207  0.10648,  0.539779 -0.0898842  0.0058399,0 0 0,0 0 0,0 0 0,0 0 0
1.74, 0.92454  0.14834 0.594824, 1.43001 -8.76667  0.38637, 1.21586 0.403581 0.174345,   1.20105 -0.0759583    0.15505,0.580778 0.390835 0.116228,  0.538414 -0.0951845 0.00447708,0 0 0,0 0 0,0 0 0,0 0 0
1.75,0.929018 0.139739 0.592482, 1.47893 -8.37099 0.438692, 1.21506 0.392629 0.175748,   1.20162 -0.0810316   0.151471,0.586039 0.380256 0.125085,  0.537216 -0.0998362 0.00323863,0 0 0,0 0 0,0 0 0,0 0 0
1.76,0.933496 0.131138  0.58916, 1.52818 -7.97532 0.491107, 1.21425 0.381543 0.176975,    1.2021 -0.0853312   0.148342,0.591364 0.369548 0.132831,  0.536201  -0.103778 0.00215563,0 0 0,0 0 0,0 0 0,0 0 0
1.77,0.937975 0.122537 0.584857, 1.57774 -7.57968 0.543621, 1.21343 0.370404  0.17799,   1.20249 -0.0887907   0.145752,0.596715 0.358788 0.139243,  0.535384  -0.106951 0.00125918,0 0 0,0 0 0,0 0 0,0 0 0
1.78,0.942453 0.113936 0.579573, 1.62762 -7.18405 0.596237, 1.21262 0.359292 0.178759,  1.20278 -0.091344   0.14379,0.602052 0.348054 0.144098,   0.534781   -0.109292 0.000580363,0 0 0,0 0 0,0 0 0,0 0 0
1.79,0.946931 0.105335 0.573309, 1.67782 -6.78843  0.64896, 1.21182 0.348287 0.179246,   1.20296 -0.0929246   0.142548,0.607339 0.337423 0.147175,   0.534407   -0.110741 0.000150273,0 0 0,0 0 0,0 0 0,0 0 0
1.8, 0.951409 0.0967345  0.566064, 1.72835 -6.39284 0.701795, 1.21102 0.337469 0.179416,   1.20302 -0.0934661   0.142113,0.612535 0.326973 0.148249,    0.534279    -0.111237 -5.83026e-12,0 0 0,0 0 0,0 0 0,0 0 0
1.81, 0.955881 0.0881452  0.557878, 1.77854 -5.99731 0.754346, 1.21023 0.326651 0.179127,   1.20302 -0.0934661   0.142113,0.617732 0.316523 0.147175,    0.534279    -0.111237 -5.83025e-12,0 0 0,-7.25952  8.95363  32.4708,0 0 0,0.416826   3.5128  10.0444
1.82, 0.960313 0.0796258  0.548949, 1.82513  -5.6021 0.804616, 1.20943 0.315645 0.178299,   1.20302 -0.0934661   0.142113,0.623018 0.305893 0.144098,    0.534279    -0.111237 -5.83025e-12,0 0 0,-25.8251   31.836   115.46,0 0 0,1.47241 12.4985 35.7102
1.83, 0.964668 0.0712463  0.539514, 1.86419 -5.20749 0.850205, 1.20861 0.304533 0.176991,   1.20302 -0.0934661   0.142113,0.628356 0.295159 0.139243,    0.534279    -0.111237 -5.83025e-12,0 0 0,-50.8775  62.6793  227.334,0 0 0,2.87439 24.6281 70.2962
1.84, 0.968905 0.0630765  0.529811, 1.89181  -4.8138 0.888716,  1.2078 0.293394 0.175265,   1.20302 -0.0934661   0.142113,0.633706 0.284399 0.132831,    0.534279    -0.111237 -5.83025e-12,0 0 0,-77.5971  95.5157  346.458,0 0 0,4.33043 37.5725 107.101
1.85, 0.972986 0.0551864  0.520077, 1.90405 -4.42131  0.91775, 1.20699 0.282308 0.173179,   1.20302 -0.0934661   0.142113,0.639031 0.273691 0.125085,    0.534279    -0.111237 -5.83025e-12,0 0 0,-101.165  124.377  451.197,0 0 0,5.54817 49.0026 139.425
1.86, 0.976872 0.0476459  0.510549, 1.89699 -4.03033 0.934909, 1.20619 0.271357 0.170794,   1.20302 -0.0934661   0.142113,0.644292 0.263112 0.116228,    0.534279    -0.111237 -5.83025e-12,0 0 0,-116.761  143.297  519.917,0 0 0,6.23527 56.5895 160.565
1.87,0.980523 0.040525 0.501465, 1.86671 -3.64114 0.937795,  1.2054 0.260619 0.168169,   1.20302 -0.0934661   0.142113, 0.64945 0.252739  0.10648,    0.534279    -0.111237 -5.83025e-12,0 0 0,-120.478  147.447  535.117,0 0 0,6.16256 58.4432 165.106
1.88, 0.983901 0.0338935  0.493063, 1.80928 -3.25405 0.924009, 1.20464 0.250175 0.165365,   1.20302 -0.0934661   0.142113, 0.654466  0.242651 0.0960656,    0.534279    -0.111237 -5.83025e-12,0 0 0,-120.782  147.466   535.31,0 0 0,5.94558 58.6355 165.033
1.89, 0.986966 0.0278214  0.485579, 1.72079 -2.86935 0.891153,  1.2039 0.240106 0.162441,   1.20302 -0.0934661   0.142113, 0.659303  0.232925 0.0852063,    0.534279    -0.111237 -5.83025e-12,0 0 0,-120.964  147.478  535.425,0 0 0, 5.8154 58.7509 164.989
1.9,  0.98968 0.0223786  0.479252,  1.5973 -2.48734 0.836829,  1.2032 0.230491 0.159457,   1.20302 -0.0934661   0.142113, 0.663922  0.223637 0.0741247,    0.534279    -0.111237 -5.83025e-12,0 0 0,-121.025  147.482  535.463,0 0 0,5.77201 58.7894 164.975
1.91,0.992014 0.017617 0.474251, 1.43731 -2.10944 0.760053, 1.20253 0.221412 0.156473,   1.20302 -0.0934661   0.142113,0.668283 0.214867 0.063043,    0.534279    -0.111237 -5.83025e-12,0 0 0,-120.964  147.478  535.425,0 0 0, 5.8154 58.7509 164.989
1.92,0.993985 0.013517 0.470479, 1.24904 -1.74153 0.665501, 1.20191 0.212947 0.153548,   1.20302 -0.0934661   0.142113, 0.672349   0.20669 0.0521838,    0.534279    -0.111237 -5.83025e-12,0 0 0,-120.782  147.466   535.31,0 0 0,5.94558 58.6355 165.033
1.93,  0.99562 0.0100407  0.467769,  1.0431 -1.39064 0.559263, 1.20134 0.205178 0.150744,   1.20302 -0.0934661   0.142113, 0.676081  0.199185 0.0417693,    0.534279    -0.111237 -5.83025e-12,0 0 0,-120.478  147.447  535.117,0 0 0,6.16256 58.4432 165.106
1.94,  0.996948 0.00715033   0.465958, 0.83014 -1.06378  0.44743, 1.20083 0.198184 0.148119,   1.20302 -0.0934661   0.142113,  0.67944   0.19243 0.0320219,    0.534279    -0.111237 -5.83025e-12,0 0 0,-117.808  145.825  525.537,0 0 0,6.33874 56.7187   160.9
1.95,  0.997996 0.00480823   0.464878, 0.620777 -0.767962  0.336092, 1.20038 0.192046 0.145734,   1.20302 -0.0934661   0.142113,0.682389 0.186501 0.023164,    0.534279    -0.111237 -5.83025e-12,0 0 0,-107.009  138.487  482.558,0 0 0,6.12556 49.7236 141.296
1.96, 0.998791 0.0029766  0.464366,0.425643  -0.5102  0.23134,     1.2 0.186844 0.143648,   1.20302 -0.0934661   0.142113, 0.684887  0.181476 0.0154179,    0.534279    -0.111237 -5.83025e-12,0 0 0,-90.763 127.301 417.108,0 0 0,5.63117 39.1968 111.317
1.97,  0.999361 0.00161772   0.464255, 0.255369 -0.297509  0.139265, 1.19969 0.182659 0.141922,   1.20302 -0.0934661   0.142113,  0.686898   0.177433 0.00900615,    0.534279    -0.111237 -5.83025e-12,0 0 0,-72.3749  114.579  342.692,0 0 0,4.99826 27.2803 77.1791
1.98,  0.999735 0.00069382   0.464381, 0.120584 -0.136902 0.0659557, 1.19947  0.17957 0.140614,   1.20302 -0.0934661   0.142113,  0.688381   0.174449 0.00415098,    0.534279    -0.111237 -5.83025e-12,0 0 0,-55.1492  102.631  272.817,0 0 0,4.36951 16.1163  45.099
1.99,   0.999938 0.000167164    0.464578, 0.0319176 -0.0353945   0.017504, 1.19933 0.177658 0.139786,   1.20302 -0.0934661   0.142113,    0.6893   0.172602 0.00107481,    0.534279    -0.111237 -5.83025e-12,0 0 0,-42.3904  93.7681  220.988,0 0 0,3.88763 7.84701 21.2924
2,          1 1.73472e-18     0.46468,           0 -5.96354e-16 -1.98785e-16, 1.19928 0.177003 0.139497,   1.20302 -0.0934661   0.142113,   0.689615    0.171969 -5.4623e-14,    0.534279    -0.111237 -5.83025e-12,0 0 0,-37.4031  90.3002  200.711,0 0 0,3.69529 4.61454 11.9756
