time , lin_pos[m] , euler_rpy[deg] , foot1_pos[m] , foot2_pos[m] , foot3_pos[m] , foot4_pos[m] , foot1_F[N] , foot2_F[N] , foot3_F[N] , foot4_F[N] , foot1_contact , foot2_contact , foot3_contact , foot4_contact 
0,   0    0 0.42,0 0 0,0.34 0.19    0, 0.34 -0.19     0,-0.34  0.19     0,-0.34 -0.19     0,1.01921  5.9584  58.393,1.55616 16.3936  117.98,  2.226 5.84744 59.4098,1.65294 16.9764 120.158
0.01,1.07332e-05 8.42549e-05    0.420105, -0.0113408 -0.00204202 9.50497e-05,0.34 0.19    0, 0.34 -0.19     0,-0.34  0.19     0,-0.34 -0.19     0,0.140863  10.9997  34.6325,1.76285  16.842 121.698,1.35498  9.4299 36.5629, 1.9074 17.6987 124.354
0.02,4.21074e-05 0.000367763    0.420386, -0.0436243 -0.00674217  0.00156426,0.34 0.19    0, 0.34 -0.19     0,-0.34  0.19     0,-0.34 -0.19     0,-0.840944   17.4276   12.0449,2.29417 18.1726 130.864,0.393599  14.6198  14.7164,2.56077 19.6598 134.788
0.03,9.28847e-05 0.000896639    0.420796,-0.0942423 -0.0119616 0.00618372,0.34 0.19    0, 0.34 -0.19     0,-0.34  0.19     0,-0.34 -0.19     0, -1.8656  24.6651 -8.69511,3.01699 20.3636 142.497,-0.599835   20.8436  -5.43865, 3.4481 22.5506 148.225
0.04,0.000161827    0.001717    0.421284, -0.160586 -0.0155614  0.0157295,0.34 0.19    0, 0.34 -0.19     0,-0.34  0.19     0,-0.34 -0.19     0,-2.87248  32.1352 -26.9131,3.79817  23.393 153.617,-1.56702  27.5279 -23.2114, 4.4044 26.0618 161.434
0.05,0.000247697  0.00287495    0.421802, -0.240048 -0.0154026  0.0319777,0.34 0.19    0, 0.34 -0.19     0,-0.34  0.19     0,-0.34 -0.19     0,-3.80097  39.2609 -41.9345,4.50458  27.239 161.242,-2.44965  34.0991  -37.911, 5.2647 29.8846 171.181
0.06,0.000349255  0.00441662      0.4223,   -0.33002 -0.00934653   0.0567045,0.34 0.19    0, 0.34 -0.19     0,-0.34  0.19     0,-0.34 -0.19     0,-4.59046  45.4652 -53.0849,5.00309 31.8796 162.391,-3.18941  39.9837 -48.8465,5.86404 33.7097 174.234
0.07,0.000465265  0.00638812    0.422729, -0.427892 0.00474581  0.0916858,0.34 0.19    0, 0.34 -0.19     0,-0.34  0.19     0,-0.34 -0.19     0,-5.18032  50.1713 -59.6896, 5.1837 37.1587 154.906,-3.72802  44.6084 -55.3268,6.06667 37.2009 168.197
0.08,0.000594488  0.00883555    0.423041,-0.531058 0.0290133  0.138698,0.34 0.19    0, 0.34 -0.19     0,-0.34  0.19     0,-0.34 -0.19     0,-5.50995  52.8021 -61.0742,5.25363 41.3144 147.369,-4.00716  47.3995 -56.6612,6.13659 39.7885 161.665
0.09,0.000735686    0.011805    0.423187,-0.636908 0.0655948  0.199517,0.34 0.19    0, 0.34 -0.19     0,-0.34  0.19     0,-0.34 -0.19     0,-5.51872  52.7806 -56.5642,5.29558 43.8078 142.847,-3.96852  47.7835 -52.1586,6.17855 41.3411 157.746
0.1,0.000887621   0.0153427    0.423116,-0.742834  0.116629  0.275918,0.34 0.19    0, 0.34 -0.19     0,-0.34  0.19     0,-0.34 -0.19     0,-5.14603  49.5299  -45.485,5.30957  44.639  141.34,-3.55382  45.1871 -41.1281,6.19253 41.8586  156.44
0.11,0.00105399  0.0194669   0.422797,-0.849551  0.183474  0.369072,0.34 0.19    0, 0.34 -0.19     0,-0.34  0.19     0,-0.34 -0.19     0,-4.33124   42.473 -27.1622,5.29558 43.8078 142.847,-2.70473  39.0366 -22.8789,6.17855 41.3411 157.746
0.12,0.00125819  0.0240846   0.422262,-0.971065  0.264364  0.477719,0.34 0.19    0, 0.34 -0.19     0,-0.34  0.19     0,-0.34 -0.19     0,-3.01375  31.0329 -0.92108,5.25363 41.3144 147.369,-1.36296  28.7586  3.28006,6.13659 39.7885 161.665
0.13,0.00152858  0.0290752    0.42156, -1.1247 0.356751 0.599992,0.34 0.19    0, 0.34 -0.19     0,-0.34  0.19     0,-0.34 -0.19     0,-1.13294  14.6327  33.9127, 5.1837 37.1587 154.906,0.529803  13.7796  38.0397,6.06667 37.2009 168.197
0.14,0.00189349  0.0343179   0.420739,-1.32779 0.458088 0.734027,0.34 0.19    0, 0.34 -0.19     0,-0.34  0.19     0,-0.34 -0.19     0, 1.33672 -5.39806  73.0479,4.95951 31.4206 159.088,  3.5187 -5.22137  78.3087,5.81775 33.2343  170.87
0.15,0.00238126  0.0396921   0.419849,-1.59766 0.565829 0.877956,0.34 0.19    0, 0.34 -0.19     0,-0.34  0.19     0,-0.34 -0.19     0, 4.29083 -23.1935  101.609,4.26143 24.6775 142.808, 9.02685 -24.2899  112.675,5.00643  27.232 152.407
0.16,0.00302025   0.045077   0.418937,-1.95164 0.677425  1.02991,0.34 0.19    0, 0.34 -0.19     0,-0.34  0.19     0,-0.34 -0.19     0, 7.67323 -38.3308  120.275, 3.2504 17.6225 112.088, 16.7732 -42.7161  141.285,3.82256 20.0862 119.138
0.17,0.00383878   0.050352   0.418053,-2.40706  0.79033  1.18803,0.34 0.19    0, 0.34 -0.19     0,-0.34  0.19     0,-0.34 -0.19     0, 11.4345 -50.8542  130.993,2.12259 10.9414 74.6882, 26.3464 -60.0851  165.237,2.49807 12.7934 79.1642
0.18,0.0048652 0.0553963  0.417246,-2.98125 0.901996  1.35045,0.34 0.19    0, 0.34 -0.19     0,-0.34  0.19     0,-0.34 -0.19     0, 15.5252 -60.8075  135.709,1.07414 5.32006 38.3676, 37.335 -75.982 185.631,1.26486 6.35038 40.5836
0.19,0.00612785  0.0600891   0.416564,-3.69152  1.00988   1.5153,0.34 0.19    0, 0.34 -0.19     0,-0.34  0.19     0,-0.34 -0.19     0,19.8958 -68.235 136.366,0.301229  1.44432  10.8851, 49.3275 -89.9918  203.565,0.354869   1.7537  11.4958
0.2,0.00765507  0.0643099   0.416057,-4.55522  1.11143  1.68071,0.34 0.19    0, 0.34 -0.19     0,-0.34  0.19     0,-0.34 -0.19     0,  24.497 -73.1805  134.912, 1.77636e-15 -7.10543e-15 -5.68434e-14,61.9126  -101.7 220.139,-1.77636e-15            0            0
0.21,0.00947559  0.0679644    0.41578,-5.57953  1.20439  1.84486,0.34 0.19    0,  0.340794  -0.189831 0.00141634,-0.34  0.19     0, -0.339227  -0.189815 0.00148511, 29.2793 -75.6883  133.291,0 0 0, 74.6788 -110.691  236.452,0 0 0
0.22,0.0116196 0.0710645  0.415826,-6.73103  1.28772  2.00602,0.34 0.19    0,  0.343113   -0.18934 0.00547002,-0.34  0.19     0,-0.336971 -0.189274 0.0057356, 34.1933 -75.8022   133.45,0 0 0,87.2147 -116.55 253.602,0 0 0
0.23,0.0141177 0.0736485  0.416293,-7.9662 1.36066 2.16253,0.34 0.19    0, 0.346858 -0.188545  0.011868,-0.34  0.19     0,-0.333327 -0.188401 0.0124442, 39.1896 -73.5664  137.333,0 0 0, 99.1089 -118.862  272.689,0 0 0
0.24,0.0170005  0.075755  0.417281,-9.24147  1.42245   2.3127,0.34 0.19    0, 0.351933 -0.187469 0.0203172,-0.34  0.19     0,-0.328389 -0.187218 0.0213037,44.2187 -69.025 146.887,0 0 0,  109.95 -117.213  294.812,0 0 0
0.25,0.0202986 0.0774222  0.418889,-10.5133  1.47234  2.45487,0.34 0.19    0,  0.35824 -0.186131 0.0305247,-0.34  0.19     0,-0.322252 -0.185747 0.0320067, 49.2311 -62.2219  164.056,0 0 0, 119.326 -111.187   321.07,0 0 0
0.26,0.0240426 0.0786886  0.421216,-11.7381  1.50956  2.58734,0.34 0.19    0, 0.365682 -0.184552 0.0421973,-0.34  0.19     0,-0.315011 -0.184012 0.0442461, 54.1775 -53.2012  190.786,0 0 0, 126.827 -100.369  352.563,0 0 0
0.27, 0.028263 0.0795926  0.424362,-12.8725  1.53337  2.70845,0.34 0.19    0, 0.374162 -0.182753 0.0550421,-0.34  0.19     0,-0.306761 -0.182034 0.0577145,  58.832 -42.2313  227.242,0 0 0, 131.865 -84.7644  388.652,0 0 0
0.28,0.0329905 0.0801726  0.428426,-13.8727  1.54301  2.81651,0.34 0.19    0, 0.383581 -0.180755  0.068766,-0.34  0.19     0,-0.297595 -0.179838 0.0721047,      61 -32.2115  252.347,0 0 0, 132.119 -69.4946  408.509,0 0 0
0.29,0.0382556  0.080467  0.433506,-14.6953  1.53772  2.90985,0.34 0.19    0, 0.393845 -0.178577 0.0830759,-0.34  0.19     0,-0.287609 -0.177445 0.0871095, 60.3916 -23.8967  261.383,0 0 0, 127.621 -56.1003  408.256,0 0 0
0.3,0.0440889 0.0805142  0.439703,-15.2967  1.51674  2.98679,0.34 0.19    0, 0.404853 -0.176242 0.0976789,-0.34  0.19     0,-0.276898 -0.174878  0.102422, 57.4598 -17.1295  256.798,0 0 0, 119.195 -44.4676  391.116,0 0 0
0.31,0.0505061 0.0803497  0.447063,-15.6451  1.47973  3.04622,0.34 0.19    0, 0.416511 -0.173769  0.112282,-0.34  0.19     0,-0.265555 -0.172159  0.117734, 52.6574 -11.7529  241.037,0 0 0, 107.663 -34.4828  360.313,0 0 0
0.32,0.0574621 0.0799973  0.455419,-15.7552  1.42794   3.0893,0.34 0.19    0, 0.428719 -0.171179  0.126592,-0.34  0.19     0,-0.253676 -0.169313  0.132738, 46.4374 -7.60954  216.547,0 0 0,  93.85 -26.032 319.069,0 0 0
0.33,0.0648972 0.0794778  0.464551,-15.6536  1.36304  3.11775,0.34 0.19    0, 0.441382 -0.168493  0.140316,-0.34  0.19     0,-0.241355  -0.16636  0.147129, 39.2528 -4.54235  185.775,0 0 0, 78.5781 -19.0016  270.608,0 0 0
0.34,0.0727515 0.0788121  0.474239,-15.3666  1.28668  3.13331,0.34 0.19    0, 0.454401 -0.165731  0.153161,-0.34  0.19     0,-0.228688 -0.163324  0.160597, 31.5565 -2.39411  151.168,0 0 0, 62.6711 -13.2777  218.151,0 0 0
0.35,0.0809651 0.0780212  0.484265,-14.9208  1.20054  3.13769,0.34 0.19    0,  0.46768 -0.162914  0.164833,-0.34  0.19     0,-0.215767 -0.160228  0.172836, 23.8016 -1.00762  115.173,0 0 0, 46.9523 -8.74656  164.923,0 0 0
0.36,0.0894781 0.0771258  0.494409,-14.3426  1.10628  3.13263,0.34 0.19    0, 0.481121 -0.160063  0.175041,-0.34  0.19     0,-0.202689 -0.157094  0.183539,  16.4409 -0.225711    80.235,0 0 0, 32.2451 -5.29439  114.145,0 0 0
0.37,0.0982307  0.076147   0.50445,-13.6585  1.00555  3.11985,0.34 0.19    0, 0.494627 -0.157197   0.18349,-0.34  0.19     0,-0.189548 -0.153945  0.192399,9.92745 0.10882 48.8022,0 0 0, 19.3729 -2.80743  69.0408,0 0 0
0.38, 0.107163 0.0751055  0.514169,-12.8949 0.900032  3.10107,0.34 0.19    0,   0.5081 -0.154339  0.189888,-0.34  0.19     0,-0.176439 -0.150803  0.199107, 4.71417 0.153156   23.321,0 0 0,9.15911 -1.1719 32.8334,0 0 0
0.39, 0.116215 0.0740222  0.523347,-12.0784 0.791379  3.07803,0.34 0.19    0, 0.521444 -0.151508  0.193942,-0.34  0.19     0,-0.163456 -0.147692  0.203358,  1.25404 0.0644871   6.23804,0 0 0,  2.42701 -0.274011   8.74549,0 0 0
0.4,0.125327 0.072918 0.531764,-11.2355 0.681257  3.05245,0.34 0.19    0,  0.53456 -0.148726  0.195358,-0.34  0.19     0,-0.150693 -0.144633  0.204843,-5.68434e-14 -2.84217e-14 -3.41061e-13,0 0 0,-5.68434e-14            0            0,0 0 0
0.41, 0.134449 0.0718104  0.539237, -10.388 0.571053  3.02577,  0.341176   0.190337 0.00106604, 0.547677 -0.145943  0.193942,  -0.338827    0.190251 0.000952777,-0.137931 -0.141575  0.203358,0 0 0,0 0 0,0 0 0,0 0 0
0.42,  0.14357 0.0707028   0.54573,-9.54057 0.461049  2.99827,  0.344607   0.191321 0.00411713,  0.56102 -0.143113  0.189888, -0.335405   0.190984 0.00367969,-0.124947 -0.138463  0.199107,0 0 0,0 0 0,0 0 0,0 0 0
0.43, 0.152692 0.0695952  0.551241,-8.69308 0.351252  2.96996, 0.350149   0.19291 0.0089327, 0.574494 -0.140254   0.18349, -0.329876   0.192167 0.00798362,-0.111838 -0.135322  0.192399,0 0 0,0 0 0,0 0 0,0 0 0
0.44, 0.161814 0.0684875  0.555772,-7.84556  0.24167  2.94084, 0.357659  0.195064 0.0152922, 0.587999 -0.137389  0.175041,-0.322385  0.193771 0.0136674,-0.0986968  -0.132172   0.183539,0 0 0,0 0 0,0 0 0,0 0 0
0.45, 0.170936 0.0673799  0.559323,  -6.998 0.132307  2.91092, 0.366993   0.19774 0.0229751,  0.60144 -0.134538  0.164833,-0.313074  0.195764  0.020534,-0.0856188  -0.129038   0.172836,0 0 0,0 0 0,0 0 0,0 0 0
0.46, 0.180058 0.0662723  0.561892,  -6.1504 0.0231719   2.88018, 0.378006  0.200898 0.0317607, 0.614719 -0.131721  0.153161,-0.302088  0.198116 0.0283862,-0.0726986  -0.125942   0.160597,0 0 0,0 0 0,0 0 0,0 0 0
0.47, 0.189179 0.0651647  0.563481,  -5.30276 -0.0857301    2.84865, 0.390554  0.204496 0.0414286, 0.627738 -0.128959  0.140316,-0.289571  0.200795 0.0370269,-0.0600309  -0.122906   0.147129,0 0 0,0 0 0,0 0 0,0 0 0
0.48, 0.198301 0.0640571   0.56409, -4.45508 -0.194392   2.81631, 0.404495  0.208493 0.0517582, 0.640401 -0.126273  0.126592,-0.275665  0.203772  0.046259,-0.0477101  -0.119954   0.132738,0 0 0,0 0 0,0 0 0,0 0 0
0.49, 0.207423 0.0629494  0.563717, -3.60735 -0.302807   2.78316, 0.419682  0.212848 0.0625289,  0.65261 -0.123683  0.112282,-0.260515  0.207016 0.0558853,-0.0358311  -0.117107   0.117734,0 0 0,0 0 0,0 0 0,0 0 0
0.5, 0.216545 0.0618418  0.562364,-2.75957 -0.41097  2.74922, 0.435974  0.217519 0.0735202, 0.664267  -0.12121 0.0976789,-0.244264  0.210494 0.0657088,-0.0244885  -0.114389   0.102422,0 0 0,0 0 0,0 0 0,0 0 0
0.51, 0.225667 0.0607342  0.560031, -1.91174 -0.518872   2.71448, 0.453225  0.222466 0.0845115, 0.675276 -0.118874 0.0830759,-0.227055  0.214178 0.0755322,-0.0137769  -0.111822  0.0871095,0 0 0,0 0 0,0 0 0,0 0 0
0.52, 0.234789 0.0596266  0.556716, -1.06385 -0.626509   2.67894, 0.471292  0.227647 0.0952822, 0.685539 -0.116697  0.068766,-0.209033  0.218036 0.0851586,-0.00379093   -0.109429   0.0721047,0 0 0,0 0 0,0 0 0,0 0 0
0.53,  0.24391 0.0585189  0.552421,-0.215905 -0.733873    2.6426,0.490031  0.23302 0.105612, 0.694959 -0.114699 0.0550421, -0.19034  0.222038 0.0943907,0.00537468  -0.107232  0.0577145,0 0 0,0 0 0,0 0 0,0 0 0
0.54, 0.253032 0.0574113  0.547146, 0.632101 -0.840957   2.60548,0.509298 0.238544  0.11528, 0.703439   -0.1129 0.0421973,-0.171121  0.226152  0.103031,0.0136253 -0.105255 0.0442461,0 0 0,0 0 0,0 0 0,0 0 0
0.55, 0.262154 0.0563037  0.540889,  1.48017 -0.947757   2.56756,0.528949 0.244179 0.124065,  0.71088 -0.111321 0.0305247,-0.151519  0.230348  0.110884,0.0208663 -0.103519 0.0320067,0 0 0,0 0 0,0 0 0,0 0 0
0.56, 0.271276 0.0551961  0.533652,  2.3283 -1.05426  2.52886,0.548839 0.249882 0.131748, 0.717187 -0.109983 0.0203172,-0.131678  0.234596   0.11775, 0.027003 -0.102049 0.0213037,0 0 0,0 0 0,0 0 0,0 0 0
0.57, 0.280398 0.0540884  0.525435,  3.1765 -1.16047  2.48937,0.568826 0.255613 0.138108, 0.722262 -0.108907  0.011868,-0.111741  0.238864  0.123434,0.0319407 -0.100866 0.0124442,0 0 0,0 0 0,0 0 0,0 0 0
0.58,  0.28952 0.0529808  0.516236, 4.02477 -1.26638  2.44909,0.588765  0.26133 0.142923,  0.726008  -0.108112 0.00547002,-0.0918513   0.243122   0.127738, 0.0355849 -0.0999922  0.0057356,0 0 0,0 0 0,0 0 0,0 0 0
0.59, 0.298641 0.0518732  0.506057, 4.87312 -1.37197  2.40804,0.608511 0.266992 0.145974,  0.728326   -0.10762 0.00141634,-0.0721535   0.247338   0.130465, 0.0378408 -0.0994516 0.00148511,0 0 0,0 0 0,0 0 0,0 0 0
0.6, 0.307763 0.0507656  0.494898, 5.72154 -1.47724   2.3662,0.627922 0.272558  0.14704,    0.72912   -0.107452 1.33227e-15,-0.0527908   0.251483   0.131418,  0.0386138  -0.0992663 2.77556e-16,0 0 0,0 0 0,0 0 0,0 0 0
0.61, 0.316883 0.0496733  0.482809, 6.56579 -1.58168  2.32381,0.647333 0.278124 0.145974,    0.72912   -0.107452 1.23705e-15,-0.0334281   0.255628   0.130465,  0.0386138  -0.0992663 4.00851e-16,0 0 0,-0.0464302    8.73345     30.102,0 0 0,-2.11396  6.63796   27.115
0.62,  0.32599 0.0486729  0.470052, 7.38471 -1.68273  2.28196,0.667079 0.283786 0.142923,    0.72912   -0.107452 1.23705e-15,-0.0137304   0.259845   0.127738,  0.0386138  -0.0992663 4.00851e-16,0 0 0,-0.174195   31.1346   106.934,0 0 0,-7.52566  23.6795  96.3047
0.63, 0.335071 0.0478563  0.456937, 8.15285 -1.77732  2.24198,0.687018 0.289503 0.138108,    0.72912   -0.107452 1.23705e-15,0.00615885   0.264103   0.123434,  0.0386138  -0.0992663 4.00851e-16,0 0 0,-0.366007   61.5045   210.286,0 0 0,-14.8398  46.8163  189.336
0.64, 0.344114 0.0473154  0.443776,  8.8448 -1.86238  2.20519,0.707004 0.295234 0.131748,    0.72912   -0.107452 1.23705e-15,0.026096 0.268371  0.11775,  0.0386138  -0.0992663 4.00851e-16,0 0 0,-0.604578   94.1445   319.946,0 0 0,-22.6612  71.7399  287.976
0.65, 0.353106 0.0471422  0.430882, 9.43514 -1.93485  2.17291,0.726895 0.300938 0.124065,    0.72912   -0.107452 1.23705e-15,0.0459373  0.272618  0.110884,  0.0386138  -0.0992663 4.00851e-16,0 0 0,-0.872619   123.356   415.703,0 0 0,-29.5945  94.1418  373.991
0.66, 0.362035 0.0474285  0.418564, 9.89844 -1.99165  2.14647,0.746546 0.306572  0.11528,    0.72912   -0.107452 1.23705e-15,0.0655393  0.276814  0.103031,  0.0386138  -0.0992663 4.00851e-16,0 0 0,-1.15284  143.439  477.348,0 0 0,-34.2444  109.714  429.149
0.67, 0.370886 0.0482662  0.407136, 10.2093 -2.02972  2.12719,0.765812 0.312097 0.105612,    0.72912   -0.107452 1.23705e-15,0.0847584  0.280929 0.0943907,  0.0386138  -0.0992663 4.00851e-16,0 0 0,-1.42444  149.725  488.607,0 0 0,-35.4758  114.913  438.784
0.68, 0.379649 0.0497473  0.396909, 10.3422 -2.04599  2.11639, 0.784551   0.31747 0.0952822,    0.72912   -0.107452 1.23705e-15, 0.103451   0.28493 0.0851586,  0.0386138  -0.0992663 4.00851e-16,0 0 0,-1.62941  151.577  486.465,0 0 0,-35.6863  116.666  436.439
0.69, 0.388309 0.0519637  0.388194,10.2719 -2.0374 2.11539, 0.802619   0.32265 0.0845115,    0.72912   -0.107452 1.23705e-15, 0.121473  0.288788 0.0755322,  0.0386138  -0.0992663 4.00851e-16,0 0 0,-1.7524 152.688 485.179,0 0 0,-35.8127  117.718  435.031
0.7, 0.396854 0.0550072  0.381303, 9.97279 -2.00087  2.12551,  0.81987  0.327597 0.0735202,    0.72912   -0.107452 1.23705e-15, 0.138682  0.292472 0.0657088,  0.0386138  -0.0992663 4.00851e-16,0 0 0,-1.7934 153.058 484.751,0 0 0,-35.8548  118.068  434.562
0.71, 0.405276 0.0589392  0.376444, 9.42802 -1.93436  2.14761, 0.836161  0.332268 0.0625289,    0.72912   -0.107452 1.23705e-15, 0.154933  0.295951 0.0558853,  0.0386138  -0.0992663 4.00851e-16,0 0 0,-1.7524 152.688 485.179,0 0 0,-35.8127  117.718  435.031
0.72, 0.413584 0.0636983  0.373409, 8.65454 -1.83984   2.1806, 0.851349  0.336623 0.0517582,    0.72912   -0.107452 1.23705e-15,0.170083 0.299194 0.046259,  0.0386138  -0.0992663 4.00851e-16,0 0 0,-1.62941  151.577  486.465,0 0 0,-35.6863  116.666  436.439
0.73, 0.421789 0.0691927  0.371886, 7.67778 -1.72034  2.22292,  0.86529  0.340621 0.0414286,    0.72912   -0.107452 1.23705e-15, 0.183989  0.302171 0.0370269,  0.0386138  -0.0992663 4.00851e-16,0 0 0,-1.42444  149.725  488.607,0 0 0,-35.4758  114.913  438.784
0.74, 0.429904 0.0753304  0.371564, 6.52318 -1.57886  2.27302, 0.877838  0.344219 0.0317607,    0.72912   -0.107452 1.23705e-15, 0.196507  0.304851 0.0283862,  0.0386138  -0.0992663 4.00851e-16,0 0 0,-1.15284  143.439  477.348,0 0 0,-34.2444  109.714  429.149
0.75, 0.437944 0.0820196  0.372131,5.21619 -1.4184 2.32935, 0.888851  0.347377 0.0229751,    0.72912   -0.107452 1.23705e-15,0.207492 0.307203 0.020534,  0.0386138  -0.0992663 4.00851e-16,0 0 0,-0.872619   123.356   415.703,0 0 0,-29.5945  94.1418  373.991
0.76, 0.445919 0.0891683  0.373275, 3.78222 -1.24198  2.39034, 0.898185  0.350053 0.0152922,    0.72912   -0.107452 1.23705e-15, 0.216803  0.309196 0.0136674,  0.0386138  -0.0992663 4.00851e-16,0 0 0,-0.604578   94.1445   319.946,0 0 0,-22.6612  71.7399  287.976
0.77, 0.453843 0.0966846  0.374686,2.24674 -1.0526 2.45445, 0.905695  0.352206 0.0089327,    0.72912   -0.107452 1.23705e-15,  0.224294   0.310799 0.00798362,  0.0386138  -0.0992663 4.00851e-16,0 0 0,-0.366007   61.5045   210.286,0 0 0,-14.8398  46.8163  189.336
0.78,0.461729 0.104477 0.376051, 0.635168 -0.853259    2.5201,  0.911237   0.353796 0.00411713,    0.72912   -0.107452 1.23705e-15,  0.229823   0.311983 0.00367969,  0.0386138  -0.0992663 4.00851e-16,0 0 0,-0.174195   31.1346   106.934,0 0 0,-7.52566  23.6795  96.3047
0.79, 0.46959 0.112453 0.377058, -1.02705 -0.646973   2.58576,  0.914668   0.354779 0.00106604,    0.72912   -0.107452 1.23705e-15,   0.233246    0.312716 0.000952777,  0.0386138  -0.0992663 4.00851e-16,0 0 0,-0.0464302    8.73345     30.102,0 0 0,-2.11396  6.63796   27.115
0.8,0.477438  0.12052 0.377396, -2.71448 -0.436748   2.64985,   0.915844    0.355116 1.05471e-15,    0.72912   -0.107452 1.23705e-15,   0.234418    0.312967 3.83027e-15,  0.0386138  -0.0992663 4.00851e-16,0 0 0,-5.55112e-16  5.68434e-14  2.27374e-13,0 0 0,          0           0 2.27374e-13
0.81,0.485281 0.128589 0.376859, -4.40188 -0.226622    2.7108,   0.915844    0.355116 1.05332e-15,  0.730223   -0.10727 0.00142297,   0.234418    0.312967 3.74629e-15, 0.0399452 -0.0988701 0.00123145,-0.612643  -7.94644   30.9105,0 0 0,-1.19674 -6.79244  27.2792,0 0 0
0.82,0.493115 0.136571 0.375657,  -6.06484 -0.0247606    2.76689,   0.915844    0.355116 1.05332e-15,  0.73344 -0.106738 0.0054956,   0.234418    0.312967 3.74629e-15, 0.0438308 -0.0977137 0.00475594,-2.17634 -28.3184  109.809,0 0 0,-4.25477 -24.2106  96.8908,0 0 0
0.83,0.500929 0.144378  0.37411,-7.67913 0.159636  2.81637,   0.915844    0.355116 1.05332e-15, 0.738637  -0.10588 0.0119235,   0.234418    0.312967 3.74629e-15, 0.0501076 -0.0958457  0.0103187,-4.27974  -55.915  215.948,0 0 0,-8.37579 -47.8158  190.496,0 0 0
0.84,0.508713 0.151925 0.372534,-9.22056 0.317371   2.8575,   0.915844    0.355116 1.05332e-15, 0.745679 -0.104716 0.0204122,   0.234418    0.312967 3.74629e-15, 0.0586124 -0.0933146  0.0176649,-6.51151 -85.5353  328.576,0 0 0,-12.7615 -73.1694  289.757,0 0 0
0.85,0.516457 0.159123 0.371245,-10.6649 0.439244  2.88854,   0.915844    0.355116 1.05332e-15,  0.75443 -0.103271 0.0306674,   0.234418    0.312967 3.74629e-15, 0.0691823 -0.0901689  0.0265398,-8.46029 -111.978  426.947,0 0 0,-16.6137 -95.8325  376.335,0 0 0
0.86,0.524151 0.165887 0.370562,-11.9879 0.516056  2.90773,   0.915844    0.355116 1.05332e-15, 0.764756 -0.101565 0.0423947,   0.234418    0.312967 3.74629e-15, 0.0816543 -0.0864571  0.0366887,-9.71473 -130.043   490.31,0 0 0,-19.1339 -111.367   431.89,0 0 0
0.87,0.531785 0.172129 0.370801,-13.1654 0.538611  2.91333,   0.915844    0.355116 1.05332e-15,  0.776523 -0.0996211  0.0552995,   0.234418    0.312967 3.74629e-15, 0.0958653 -0.0822278  0.0478566,-9.94367 -135.475  501.958,0 0 0, -19.677 -116.137   441.67,0 0 0
0.88,0.539348 0.177762  0.37228,-14.1732 0.497708   2.9036,   0.915844    0.355116 1.05332e-15,  0.789594 -0.0974618  0.0690876,   0.234418    0.312967 3.74629e-15,  0.111652 -0.0775294  0.0597889, -9.8999 -136.924  499.829,0 0 0,-19.6701 -117.481  439.382,0 0 0
0.89,0.546832 0.182698 0.375315,-14.9871 0.384149  2.87679,   0.915844    0.355116 1.05332e-15,  0.803834 -0.0951092  0.0834645,   0.234418    0.312967 3.74629e-15,  0.128852 -0.0724106  0.0722308,-9.87363 -137.794  498.552,0 0 0,-19.6659 -118.287  438.009,0 0 0
0.9,0.554225 0.186852 0.380225,-15.5827 0.188736  2.83116,   0.915844    0.355116 1.05332e-15,   0.81911 -0.0925857  0.0981358,   0.234418    0.312967 3.74629e-15,  0.147302 -0.0669197  0.0849274,-9.86488 -138.084  498.126,0 0 0,-19.6645 -118.556  437.552,0 0 0
0.91,0.561522 0.190165  0.38722,  -15.9441 -0.0946631    2.76552,   0.915844    0.355116 1.05332e-15,  0.835286 -0.0899135   0.112807,   0.234418    0.312967 3.74629e-15,  0.166839 -0.0611054  0.0976241,-9.87363 -137.794  498.552,0 0 0,-19.6659 -118.287  438.009,0 0 0
0.92,0.568729 0.192695 0.396088,  -16.087 -0.459906   2.68087,   0.915844    0.355116 1.05332e-15,  0.852226 -0.0871149   0.127184,   0.234418    0.312967 3.74629e-15,  0.187299 -0.0550162   0.110066, -9.8999 -136.924  499.829,0 0 0,-19.6701 -117.481  439.382,0 0 0
0.93,0.575855 0.194528 0.406514, -16.0356 -0.897786   2.57879,   0.915844    0.355116 1.05332e-15,  0.869797 -0.0842123   0.140972,   0.234418    0.312967 3.74629e-15,   0.20852 -0.0487005   0.121998,-9.94367 -135.475  501.958,0 0 0, -19.677 -116.137   441.67,0 0 0
0.94,0.582912 0.195753 0.418179,-15.8138 -1.39909  2.46084,   0.915844    0.355116 1.05332e-15,  0.887862 -0.0812279   0.153877,   0.234418    0.312967 3.74629e-15,  0.23034 -0.042207  0.133166,-9.71473 -130.043   490.31,0 0 0,-19.1339 -111.367   431.89,0 0 0
0.95,0.589908 0.196456 0.430767,-15.4457 -1.95462   2.3286,   0.915844    0.355116 1.05332e-15,  0.906288 -0.0781841   0.165604,   0.234418    0.312967 3.74629e-15, 0.252594 -0.035584  0.143315,-8.46029 -111.978  426.947,0 0 0,-16.6137 -95.8325  376.335,0 0 0
0.96,0.596855 0.196724 0.443959,-14.9552 -2.55516  2.18364,   0.915844    0.355116 1.05332e-15,  0.924938 -0.0751031   0.175859,   0.234418    0.312967 3.74629e-15,  0.275119 -0.0288802    0.15219,-6.51151 -85.5353  328.576,0 0 0,-12.7615 -73.1694  289.757,0 0 0
0.97,0.603761 0.196644  0.45744,-14.3664 -3.19149  2.02751,   0.915844    0.355116 1.05332e-15,  0.943679 -0.0720072   0.184348,   0.234418    0.312967 3.74629e-15, 0.297753 -0.022144  0.159536,-4.27974  -55.915  215.948,0 0 0,-8.37579 -47.8158  190.496,0 0 0
0.98,0.610637 0.196303 0.470892,-13.7033 -3.85443   1.8618,   0.915844    0.355116 1.05332e-15,  0.962374 -0.0689187   0.190776,   0.234418    0.312967 3.74629e-15, 0.320333 -0.015424  0.165099,-2.17634 -28.3184  109.809,0 0 0,-4.25477 -24.2106  96.8908,0 0 0
0.99,0.617494 0.195788 0.483997,-12.9898 -4.53474  1.68806,   0.915844    0.355116 1.05332e-15,0.980889 -0.06586 0.194849,   0.234418    0.312967 3.74629e-15,   0.342696 -0.00876867    0.168623,-0.612643  -7.94644   30.9105,0 0 0,-1.19674 -6.79244  27.2792,0 0 0
1, 0.62434 0.195186 0.496439,  -12.25 -5.22324  1.50788,   0.915844    0.355116 1.05332e-15,   0.99909 -0.0628534   0.196272,   0.234418    0.312967 3.74629e-15,   0.364678 -0.00222658    0.169855,-3.55271e-15            0 -2.27374e-13,0 0 0,           0 -2.84217e-14 -1.13687e-13,0 0 0
1.01,0.631184 0.194569 0.507953,-11.5038 -5.91222  1.32253,  0.916996   0.355154 0.00246774,   1.01729 -0.0598467   0.196299,    0.23553    0.313233 0.000520817,   0.38666 0.00431552   0.168623,0 0 0,0 0 0,0 0 0,0 0 0
1.02,0.638029 0.193953 0.518487,-10.7552 -6.60013  1.13223,  0.920358   0.355265 0.00953058,  1.03581 -0.056788  0.196376,  0.238775   0.314012 0.00201143, 0.409023 0.0109708  0.165099,0 0 0,0 0 0,0 0 0,0 0 0
1.03,0.644874 0.193336  0.52804, -10.004 -7.28692 0.936886,0.925789 0.355443 0.020678,    1.0545 -0.0536995   0.196498,  0.244016   0.315269 0.00436409, 0.431603 0.0176908  0.159536,0 0 0,0 0 0,0 0 0,0 0 0
1.04,0.651718 0.192719 0.536612,-9.25014 -7.97253 0.736436, 0.933148  0.355685 0.0353993,   1.07324 -0.0506037   0.196659,  0.251118   0.316972 0.00747103,0.454237 0.024427  0.15219,0 0 0,0 0 0,0 0 0,0 0 0
1.05,0.658563 0.192103 0.544203,-8.49342 -8.65692 0.530801,0.942294 0.355985 0.053184,   1.09189 -0.0475226   0.196854, 0.259945   0.31909 0.0112245, 0.476763 0.0311308  0.143315,0 0 0,0 0 0,0 0 0,0 0 0
1.06,0.665408 0.191486 0.550814,-7.73375 -9.34004 0.319905, 0.953086  0.356339 0.0735216,   1.11032 -0.0444788   0.197077, 0.270359  0.321588 0.0155168, 0.499017 0.0377538  0.133166,0 0 0,0 0 0,0 0 0,0 0 0
1.07,0.672252  0.19087 0.556444,-6.97099 -10.0218 0.103674, 0.965382  0.356743 0.0959015,   1.12838 -0.0414944   0.197322,0.282226 0.324434  0.02024, 0.520836 0.0442474  0.121998,0 0 0,0 0 0,0 0 0,0 0 0
1.08,0.679097 0.190253 0.561094, -6.20502  -10.7023 -0.117969,0.979043 0.357192 0.119813,   1.14595 -0.0385918   0.197584, 0.295409  0.327597 0.0252866, 0.542057 0.0505631  0.110066,0 0 0,0 0 0,0 0 0,0 0 0
1.09,0.685941 0.189637 0.564762, -5.43571  -11.3813 -0.345097,0.993925  0.35768 0.144746,   1.16289 -0.0357932   0.197857, 0.309772  0.331042 0.0305486, 0.562518 0.0566523 0.0976241,0 0 0,0 0 0,0 0 0,0 0 0
1.1,0.692786  0.18902 0.567451, -4.66293  -12.0589 -0.577787, 1.00989 0.358204 0.170189,   1.17907 -0.0331211   0.198136, 0.325179  0.334738 0.0359184, 0.582054 0.0624666 0.0849274,0 0 0,0 0 0,0 0 0,0 0 0
1.11,0.699631 0.188403 0.569158,-3.88656  -12.735 -0.81612, 1.02679 0.358759 0.195632,   1.19434 -0.0305975   0.198414, 0.341493  0.338651 0.0412882, 0.600504 0.0679574 0.0722308,0 0 0,0 0 0,0 0 0,0 0 0
1.12,0.706475 0.187787 0.569885,-3.10644 -13.4095  -1.0602,  1.0445 0.359341 0.220565,  1.20859 -0.028245  0.198688, 0.358579  0.342749 0.0465503, 0.617704 0.0730763 0.0597889,0 0 0,0 0 0,0 0 0,0 0 0
1.13, 0.71332  0.18717 0.569631,-2.32243 -14.0824 -1.31013, 1.06286 0.359944 0.244476,   1.22166 -0.0260857    0.19895,   0.3763     0.347 0.0515968, 0.633491 0.0777746 0.0478566,0 0 0,0 0 0,0 0 0,0 0 0
1.14,0.720165 0.186554 0.568396,-1.53438 -14.7536 -1.56602, 1.08174 0.360564 0.266856,   1.23342 -0.0241419   0.199195,  0.39452  0.351371 0.0563201, 0.647702 0.0820039 0.0366887,0 0 0,0 0 0,0 0 0,0 0 0
1.15,0.727009 0.185937 0.566181,-0.742132  -15.4231  -1.82798,   1.101 0.361196 0.287194,  1.24375 -0.022436  0.199417, 0.413103  0.355828 0.0606123, 0.660174 0.0857157 0.0265398,0 0 0,0 0 0,0 0 0,0 0 0
1.16,0.733854 0.185321 0.562985,0.0544576  -16.0907  -2.09612, 1.12049 0.361836 0.304979,    1.2525 -0.0209903   0.199612, 0.431913   0.36034 0.0643658, 0.670744 0.0888614 0.0176649,0 0 0,0 0 0,0 0 0,0 0 0
1.17,0.740698 0.184704 0.558809, 0.85554 -16.7565 -2.37054, 1.14007 0.362479   0.3197,  1.25954 -0.019827  0.199773, 0.450814  0.364874 0.0674727, 0.679249 0.0913925 0.0103187,0 0 0,0 0 0,0 0 0,0 0 0
1.18,0.747543 0.184087 0.553652, 1.66126 -17.4203 -2.65136, 1.15961  0.36312 0.330847,   1.26474 -0.0189685   0.199896, 0.469669  0.369397 0.0698254,  0.685525  0.0932605 0.00475594,0 0 0,0 0 0,0 0 0,0 0 0
1.19,0.754388 0.183471 0.547514, 2.47178 -18.0822 -2.93868, 1.17896 0.363756  0.33791,  1.26796 -0.018437  0.199973,0.488343 0.373876 0.071316,  0.689411  0.0944169 0.00123145,0 0 0,0 0 0,0 0 0,0 0 0
1.2,0.761232 0.182854 0.540395, 3.28724  -18.742 -3.23261, 1.19798  0.36438 0.340378,   1.26906 -0.0182549        0.2,   0.5067  0.378279 0.0718368,   0.690742   0.0948132 3.37508e-14,0 0 0,0 0 0,0 0 0,0 0 0
1.21,0.768071 0.182248  0.53234, 4.10499  -19.399 -3.53329,   1.217 0.365005  0.34081,   1.26906 -0.0182549        0.2,0.525056 0.382683 0.071316,   0.690742   0.0948132 3.37705e-14,0 0 0,0.349483  1.55965  15.3704,0 0 0,-6.0261 8.55262 33.9919
1.22,0.774877 0.181702  0.52357, 4.91118 -20.0503   -3.841, 1.23635  0.36564 0.342047,   1.26906 -0.0182549        0.2,  0.54373  0.387162 0.0698254,   0.690742   0.0948132 3.37705e-14,0 0 0,1.23423 5.59798   54.47,0 0 0,-21.4642  30.4603  120.774
1.23,0.781616 0.181276 0.514349, 5.68917  -20.692 -4.15603, 1.25589 0.366282    0.344,   1.26906 -0.0182549        0.2, 0.562585  0.391685 0.0674727,   0.690742   0.0948132 3.37705e-14,0 0 0,2.40871 11.1541 106.782,0 0 0,-42.3538  60.0976  237.557
1.24,0.788254 0.181032 0.504944,  6.4223 -21.3204 -4.47869, 1.27548 0.366925 0.346579,   1.26906 -0.0182549        0.2, 0.581486  0.396219 0.0643658,   0.690742   0.0948132 3.37705e-14,0 0 0,3.62736  17.267 161.788,0 0 0,-64.7347  91.8393   361.55
1.25,0.794758  0.18103 0.495619, 7.09393 -21.9319  -4.8093, 1.29497 0.367565 0.349694,   1.26906 -0.0182549        0.2, 0.600296  0.400731 0.0606123,   0.690742   0.0948132 3.37705e-14,0 0 0,4.64463 22.9759 208.971,0 0 0,-84.6465   120.06  469.964
1.26,0.801096 0.181329 0.486639,  7.6874 -22.5228 -5.14814, 1.31422 0.368197 0.353256,   1.26906 -0.0182549        0.2,  0.61888  0.405188 0.0563201,   0.690742   0.0948132 3.37705e-14,0 0 0,5.21499 27.3198 237.815,0 0 0,-98.1287  139.135  540.008
1.27,0.807232 0.181991 0.478271, 8.18607 -23.0892 -5.49553,  1.3331 0.368817 0.357176,   1.26906 -0.0182549        0.2,   0.6371  0.409559 0.0515968,   0.690742   0.0948132 3.37705e-14,0 0 0,5.14614 29.4823 239.948,0 0 0,-101.951  144.476  553.319
1.28,0.813135 0.183075 0.470778, 8.57329 -23.6276 -5.85177, 1.35146  0.36942 0.361365,   1.26906 -0.0182549        0.2, 0.654821   0.41381 0.0465503,   0.690742   0.0948132 3.37705e-14,0 0 0,4.95777  30.665 235.893,0 0 0,-102.806  145.622  551.388
1.29,0.818769 0.184643 0.464427, 8.83241 -24.1342 -6.21717, 1.36917 0.370001 0.365732,   1.26906 -0.0182549        0.2, 0.671906  0.417908 0.0412882,   0.690742   0.0948132 3.37705e-14,0 0 0,4.84475 31.3746 233.459,0 0 0,-103.319   146.31   550.23
1.3,0.824103 0.186754 0.459482, 8.94677 -24.6053 -6.59203, 1.38607 0.370556 0.370189,   1.26906 -0.0182549        0.2,  0.68822  0.421821 0.0359184,   0.690742   0.0948132 3.37705e-14,0 0 0,4.80708 31.6112 232.648,0 0 0,-103.491  146.539  549.844
1.31,0.829113 0.189448 0.456121, 8.90523 -25.0385 -6.97644, 1.40204  0.37108 0.374646,   1.26906 -0.0182549        0.2, 0.703627  0.425517 0.0305486,   0.690742   0.0948132 3.37705e-14,0 0 0,4.84475 31.3746 233.459,0 0 0,-103.319   146.31   550.23
1.32,0.833823 0.192687 0.454166, 8.71859 -25.4366 -7.36963, 1.41692 0.371569 0.379013,   1.26906 -0.0182549        0.2,  0.71799  0.428962 0.0252866,   0.690742   0.0948132 3.37705e-14,0 0 0,4.95777  30.665 235.893,0 0 0,-102.806  145.622  551.388
1.33,0.838264 0.196408 0.453353, 8.40315 -25.8035 -7.77062, 1.43058 0.372018 0.383201,   1.26906 -0.0182549        0.2,0.731173 0.432124  0.02024,   0.690742   0.0948132 3.37705e-14,0 0 0,5.14614 29.4823 239.948,0 0 0,-101.951  144.476  553.319
1.34,0.842472 0.200552 0.453416, 7.97521 -26.1435 -8.17842, 1.44288 0.372421 0.387122,   1.26906 -0.0182549        0.2,  0.74304  0.434971 0.0155168,   0.690742   0.0948132 3.37705e-14,0 0 0,5.21499 27.3198 237.815,0 0 0,-98.1287  139.135  540.008
1.35,0.846479 0.205059 0.454089, 7.45107 -26.4606 -8.59204, 1.45367 0.372776 0.390684,   1.26906 -0.0182549        0.2, 0.753455  0.437469 0.0112245,   0.690742   0.0948132 3.37705e-14,0 0 0,4.64463 22.9759 208.971,0 0 0,-84.6465   120.06  469.964
1.36,0.850318 0.209867 0.455109, 6.84704 -26.7589 -9.01051, 1.46281 0.373076 0.393799,   1.26906 -0.0182549        0.2,  0.762281   0.439586 0.00747103,   0.690742   0.0948132 3.37705e-14,0 0 0,3.62736  17.267 161.788,0 0 0,-64.7347  91.8393   361.55
1.37,0.854024 0.214917 0.456208, 6.17941 -27.0423 -9.43283, 1.47017 0.373318 0.396378,   1.26906 -0.0182549        0.2,  0.769383    0.44129 0.00436409,   0.690742   0.0948132 3.37705e-14,0 0 0,2.40871 11.1541 106.782,0 0 0,-42.3538  60.0976  237.557
1.38,0.857629 0.220149 0.457123, 5.46449 -27.3151 -9.85803, 1.47561 0.373496 0.398331,   1.26906 -0.0182549        0.2,  0.774624   0.442547 0.00201143,   0.690742   0.0948132 3.37705e-14,0 0 0,1.23423 5.59798   54.47,0 0 0,-21.4642  30.4603  120.774
1.39,0.861168 0.225501 0.457588, 4.71857 -27.5812 -10.2851, 1.47897 0.373606 0.399568,   1.26906 -0.0182549        0.2,   0.777869    0.443325 0.000520817,   0.690742   0.0948132 3.37705e-14,0 0 0,0.349483  1.55965  15.3704,0 0 0,-6.0261 8.55262 33.9919
1.4,0.864673 0.230913 0.457337, 3.95796 -27.8448 -10.7131, 1.48012 0.373644      0.4,   1.26906 -0.0182549        0.2,   0.778981    0.443592 1.42941e-14,   0.690742   0.0948132 3.37705e-14,0 0 0,1.77636e-15 7.10543e-15           0,0 0 0,2.84217e-14           0 2.27374e-13
1.41,0.868171 0.236316 0.456206, 3.19776 -28.1084 -11.1395, 1.48012 0.373644      0.4,    1.2694 -0.0184067   0.201769,   0.778981    0.443592 1.42905e-14,   0.69085  0.0944181 3.6949e-05,  2.71523 -0.575182   13.1248,0 0 0,-4.16059 -19.5104  49.5455,0 0 0
1.42,0.871665 0.241599 0.454432,  2.4483 -28.3679 -11.5556, 1.48012 0.373644      0.4,   1.27041 -0.0188499   0.206831,   0.778981    0.443592 1.42905e-14, 0.691164  0.093265 0.0001427, 9.75633 -2.08058  46.4175,0 0 0,-14.8003 -69.5109  176.099,0 0 0
1.43,0.875151 0.246645 0.452353,  1.7187  -28.618 -11.9512, 1.48012 0.373644      0.4,   1.27205 -0.0195656   0.214821,   0.778981    0.443592 1.42905e-14,   0.691671   0.0914024 0.000309607, 19.4664 -4.18596   90.755,0 0 0,-29.1559 -137.206  346.534,0 0 0
1.44,0.878623 0.251335 0.450306, 1.01811 -28.8532 -12.3163, 1.48012 0.373644      0.4,   1.27426 -0.0205355   0.225373,   0.778981    0.443592 1.42905e-14,   0.692357   0.0888787 0.000530027, 30.1887 -6.56109  137.015,0 0 0,-44.4644 -209.798  527.727,0 0 0
1.45,0.882077  0.25555  0.44863,0.355649  -29.068 -12.6405, 1.48012 0.373644      0.4,     1.277 -0.0217409   0.238121,   0.778981    0.443592 1.42905e-14,   0.693211   0.0857421 0.000796315, 40.2662 -8.87576  176.073,0 0 0,-57.9627 -274.494  686.553,0 0 0
1.46, 0.88551  0.25917 0.447662,-0.25955 -29.2568 -12.9137, 1.48012 0.373644      0.4,   1.28024 -0.0231632   0.252698,   0.778981    0.443592 1.42905e-14,  0.694218  0.0820411 0.00110083,  48.042 -10.7997  198.808,0 0 0,-66.8875 -318.495  789.885,0 0 0
1.47,0.888916 0.262077  0.44774,-0.818356  -29.4142  -13.1257, 1.48012 0.373644      0.4,   1.28394 -0.0247838   0.268739,   0.778981    0.443592 1.42905e-14,  0.695365   0.077824 0.00143592, 52.0999 -12.0393  198.029,0 0 0,-68.9993 -331.349  810.986,0 0 0
1.48, 0.89229 0.264153 0.449201,-1.31164 -29.5348 -13.2664, 1.48012 0.373644      0.4,   1.28804 -0.0265842   0.285878,   0.778981    0.443592 1.42905e-14,   0.69664  0.0731393 0.00179394, 54.3991 -12.8377  192.434,0 0 0,-69.1584 -334.514  809.565,0 0 0
1.49, 0.89563 0.265278 0.452384,-1.73026  -29.613 -13.3255, 1.48012 0.373644      0.4,   1.29251 -0.0285456   0.303749,   0.778981    0.443592 1.42905e-14,  0.698029  0.0680353 0.00216725, 55.7786 -13.3168  189.078,0 0 0,-69.2538 -336.412  808.712,0 0 0
1.5, 0.89893 0.265334 0.457626, -2.0651 -29.6433 -13.2929, 1.48012 0.373644      0.4,    1.2973 -0.0306496   0.321986,   0.778981    0.443592 1.42905e-14,  0.699519  0.0625604 0.00254821, 56.2384 -13.4764  187.959,0 0 0,-69.2857 -337.045  808.428,0 0 0
1.51,0.902186 0.264241 0.465153,-2.31004 -29.6221 -13.1618, 1.48012 0.373644      0.4,   1.30238 -0.0328776   0.340223,   0.778981    0.443592 1.42905e-14,  0.701096  0.0567629 0.00292917, 55.7786 -13.3168  189.078,0 0 0,-69.2538 -336.412  808.712,0 0 0
1.52,0.905404 0.262079 0.474738,-2.47104 -29.5528 -12.9392, 1.48012 0.373644      0.4,    1.3077 -0.0352109   0.358094,   0.778981    0.443592 1.42905e-14,  0.702749  0.0506913 0.00330248, 54.3991 -12.8377  192.434,0 0 0,-69.1584 -334.514  809.565,0 0 0
1.53,0.908585 0.258966 0.486045, -2.5571 -29.4407 -12.6353, 1.48012 0.373644      0.4,  1.31321 -0.037631  0.375233,   0.778981    0.443592 1.42905e-14, 0.704462  0.044394 0.0036605, 52.0999 -12.0393  198.029,0 0 0,-68.9993 -331.349  810.986,0 0 0
1.54,0.911736 0.255021 0.498736,-2.57719 -29.2912 -12.2606, 1.48012 0.373644      0.4,   1.31888 -0.0401192   0.391275,   0.778981    0.443592 1.42905e-14,  0.706224  0.0379192 0.00399559,  48.042 -10.7997  198.808,0 0 0,-66.8875 -318.495  789.885,0 0 0
1.55, 0.91486 0.250363 0.512472,-2.54031 -29.1094 -11.8255, 1.48012 0.373644      0.4,   1.32467 -0.0426571   0.405852,   0.778981    0.443592 1.42905e-14, 0.708021 0.0313155 0.0043001, 40.2662 -8.87576  176.073,0 0 0,-57.9627 -274.494  686.553,0 0 0
1.56,0.917962 0.245112 0.526917,-2.45544 -28.9006 -11.3403, 1.48012 0.373644      0.4,   1.33052 -0.0452259     0.4186,   0.778981    0.443592 1.42905e-14,   0.70984  0.0246311 0.00456639, 30.1887 -6.56109  137.015,0 0 0,-44.4644 -209.798  527.727,0 0 0
1.57,0.921047 0.239385 0.541732,-2.33156 -28.6702 -10.8153, 1.48012 0.373644      0.4,    1.3364 -0.0478071   0.429151,   0.778981    0.443592 1.42905e-14,  0.711668  0.0179144 0.00478681, 19.4664 -4.18596   90.755,0 0 0,-29.1559 -137.206  346.534,0 0 0
1.58,0.924118 0.233302  0.55658,-2.17766 -28.4234  -10.261, 1.48012 0.373644      0.4,   1.34227 -0.0503821   0.437141,   0.778981    0.443592 1.42905e-14,  0.713491  0.0112139 0.00495372, 9.75633 -2.08058  46.4175,0 0 0,-14.8003 -69.5109  176.099,0 0 0
1.59, 0.92718  0.22698 0.571122,-2.00272 -28.1655 -9.68763, 1.48012 0.373644      0.4,   1.34808 -0.0529323   0.442204,   0.778981    0.443592 1.42905e-14,  0.715297  0.0045779 0.00505947,  2.71523 -0.575182   13.1248,0 0 0,-4.16059 -19.5104  49.5455,0 0 0
1.6,0.930238 0.220541 0.585022,-1.81574 -27.9017 -9.10564, 1.48012 0.373644      0.4,    1.3538 -0.0554391   0.443973,   0.778981    0.443592 1.42905e-14,   0.717072 -0.00194523  0.00509642,1.42109e-14           0  1.7053e-13,0 0 0,-2.84217e-14 -1.13687e-13  6.82121e-13,0 0 0
1.61,0.933295 0.214081 0.597997, -1.6242 -27.6366 -8.52362, 1.47995 0.373329 0.400411,  1.35951 -0.057946  0.442861,  0.778857   0.443032 0.00141302,   0.718847 -0.00846836  0.00513829,0 0 0,0 0 0,0 0 0,0 0 0
1.62,0.936352 0.207621 0.609991,-1.42961 -27.3709 -7.94328, 1.47946 0.372411 0.401586,   1.36532 -0.0604962   0.439679, 0.778497  0.441397 0.0054572,  0.720653 -0.0151044 0.00525813,0 0 0,0 0 0,0 0 0,0 0 0
1.63,0.939409 0.201162 0.621005,  -1.232 -27.1047  -7.3646, 1.47866 0.370927 0.403442,   1.37119 -0.0630712   0.434658, 0.777915  0.438756 0.0118402,  0.722476 -0.0218049 0.00544727,0 0 0,0 0 0,0 0 0,0 0 0
1.64,0.942467 0.194702 0.631038,-1.03139  -26.838 -6.78752, 1.47758 0.368916 0.405893,   1.37707 -0.0656524   0.428026, 0.777126  0.435177 0.0202696,  0.724304 -0.0285215 0.00569706,0 0 0,0 0 0,0 0 0,0 0 0
1.65,0.945524 0.188242 0.640091,-0.827792  -26.5709  -6.21202, 1.47623 0.366418 0.408853,   1.38293 -0.0682212   0.420014, 0.776145  0.430729 0.0304531,  0.726123 -0.0352059 0.00599883,0 0 0,0 0 0,0 0 0,0 0 0
1.66,0.948581 0.181783 0.648163,-0.621236  -26.3034  -5.63807, 1.47465 0.363469 0.412239,  1.38871 -0.070759  0.410853, 0.774988   0.42548 0.0420984,   0.72792 -0.0418097 0.00634391,0 0 0,0 0 0,0 0 0,0 0 0
1.67,0.951638 0.175323 0.655254,-0.411739  -26.0355  -5.06563, 1.47284  0.36011 0.415964,   1.39438 -0.0732473   0.400771, 0.77367   0.4195 0.054913,  0.729681 -0.0482844 0.00672364,0 0 0,0 0 0,0 0 0,0 0 0
1.68,0.954695 0.168863 0.661364,-0.199321  -25.7673  -4.49466, 1.47083 0.356378 0.419944,   1.39989 -0.0756674   0.389999, 0.772205  0.412857 0.0686047,  0.731395 -0.0545818 0.00712936,0 0 0,0 0 0,0 0 0,0 0 0
1.69,0.957752 0.162404 0.666494,0.0159974  -25.4987  -3.92514, 1.46864 0.352312 0.424095,   1.40521 -0.0780007   0.378768,  0.77061  0.405619 0.0828812,  0.733047 -0.0606534 0.00755241,0 0 0,0 0 0,0 0 0,0 0 0
1.7,0.960809 0.155944 0.670643,0.234195 -25.2298 -3.35702, 1.4663 0.34795 0.42833,   1.41029 -0.0802286   0.367306, 0.768898  0.397855 0.0974499,  0.734625 -0.0664508 0.00798412,0 0 0,0 0 0,0 0 0,0 0 0
1.71,0.963867 0.149484 0.673812,0.455253 -24.9607 -2.79028, 1.46381 0.343332 0.432565,   1.41508 -0.0823326   0.355844,0.767086 0.389634 0.112019,  0.736115 -0.0719257 0.00841583,0 0 0,0 0 0,0 0 0,0 0 0
1.72,0.966924 0.143025    0.676, 0.67915 -24.6913 -2.22488, 1.46121 0.338495 0.436716,   1.41955 -0.0842941   0.344612,0.765188 0.381024 0.126295,  0.737503 -0.0770298 0.00883888,0 0 0,0 0 0,0 0 0,0 0 0
1.73,0.969981 0.136565 0.677207,0.905868 -24.4217 -1.66079, 1.45851 0.333478 0.440696,   1.42366 -0.0860944   0.333841,0.763219 0.372094 0.139987,  0.738778 -0.0817145  0.0092446,0 0 0,0 0 0,0 0 0,0 0 0
1.74,0.973038 0.130105 0.677434, 1.13539 -24.1519 -1.09797, 1.45574  0.32832 0.444422,  1.42735 -0.087715  0.323759,0.761195 0.362913 0.152801,  0.739926 -0.0859315 0.00962434,0 0 0,0 0 0,0 0 0,0 0 0
1.75,0.976095 0.123646 0.676679,  1.36769  -23.8819 -0.536391, 1.45291 0.323059 0.447807,   1.43059 -0.0891373   0.314597,0.759131 0.353548 0.164447,  0.740933 -0.0896325 0.00996942,0 0 0,0 0 0,0 0 0,0 0 0
1.76,0.979152 0.117186 0.674945, 1.60275 -23.6118 0.023978, 1.45004 0.317734 0.450767,   1.43334 -0.0903427   0.306586,0.757041 0.344069  0.17463,  0.741786 -0.0927691  0.0102712,0 0 0,0 0 0,0 0 0,0 0 0
1.77,0.982209 0.110726 0.672229, 1.84056 -23.3416 0.583172, 1.44716 0.312383 0.453218,   1.43555 -0.0913126   0.299954,0.754941 0.334544  0.18306,  0.742473 -0.0952929   0.010521,0 0 0,0 0 0,0 0 0,0 0 0
1.78,0.985266 0.104267 0.668533, 2.08109 -23.0713  1.14122, 1.44429 0.307045 0.455074,   1.43718 -0.0920284   0.294932,0.752847 0.325043 0.189443,   0.74298 -0.0971555  0.0107101,0 0 0,0 0 0,0 0 0,0 0 0
1.79, 0.988324 0.0978072  0.663856,2.32433 -22.801 1.69816, 1.44145 0.301759 0.456249,   1.43819 -0.0924715   0.291751,0.750772 0.315632 0.193487,  0.743294 -0.0983085    0.01083,0 0 0,0 0 0,0 0 0,0 0 0
1.8, 0.991381 0.0913475  0.658199, 2.57025 -22.5306  2.25403, 1.43865 0.296562  0.45666,   1.43854 -0.0926234   0.290639,0.748733 0.306382   0.1949,  0.743401 -0.0987036  0.0108718,0 0 0,0 0 0,0 0 0,0 0 0
1.81, 0.994427 0.0848919  0.651589, 2.81708 -22.2557    2.806, 1.43586 0.291366 0.454934,   1.43854 -0.0926234   0.290639,0.746694 0.297132 0.193558,  0.743401 -0.0987036  0.0108718,0 0 0,-2.68693 -1.25346  13.4961,0 0 0,-6.11221  5.31169  20.5874
1.82,  0.99741 0.0784608  0.644168, 3.05601 -21.9537  3.33988, 1.43301 0.286079 0.449994,   1.43854 -0.0926234   0.290639,0.744619 0.287721 0.189717,  0.743401 -0.0987036  0.0108718,0 0 0,-9.72855 -4.52125   47.687,0 0 0,-21.9334  18.9982  72.9603
1.83,  1.00027 0.0720787  0.636106, 3.27646 -21.5977   3.8386, 1.43014 0.280741 0.442197,   1.43854 -0.0926234   0.290639,0.742524  0.27822 0.183656,  0.743401 -0.0987036  0.0108718,0 0 0,-19.5961 -9.06447  93.1264,0 0 0,-43.6902  37.6866  143.035
1.84,  1.00293 0.0657699  0.627571, 3.46787 -21.1605  4.28511,1.42726 0.27539  0.4319,   1.43854 -0.0926234   0.290639,0.740425 0.268695 0.175651,  0.743401 -0.0987036  0.0108718,0 0 0,-30.7607 -14.1442  140.368,0 0 0,-67.6096   58.004  216.728
1.85, 1.00534 0.059559 0.618734, 3.61966 -20.6152  4.66235,  1.4244 0.270065 0.419461,   1.43854 -0.0926234   0.290639,0.738335 0.259216  0.16598,  0.743401 -0.0987036  0.0108718,0 0 0,-41.6937 -19.0216  179.966,0 0 0,-89.9183  76.5776  279.955
1.86,  1.00744 0.0534705  0.609765, 3.72127 -19.9348  4.95327, 1.42157 0.264804 0.405236,   1.43854 -0.0926234   0.290639,0.736271 0.249851 0.154921,  0.743401 -0.0987036  0.0108718,0 0 0,-50.8662 -22.9577  202.473,0 0 0,-106.843  90.0344  318.632
1.87,  1.00915 0.0475288  0.600832, 3.76213 -19.0921  5.14081, 1.41879 0.259646 0.389582,   1.43854 -0.0926234   0.290639,0.734247  0.24067 0.142752,  0.743401 -0.0987036  0.0108718,0 0 0,-56.9107 -25.3066  200.477,0 0 0,-115.182  95.5629  321.551
1.88,  1.01042 0.0417584  0.592105, 3.73166 -18.0602  5.20792, 1.41609  0.25463 0.372858,   1.43854 -0.0926234   0.290639,0.732278  0.23174 0.129749,  0.743401 -0.0987036  0.0108718,0 0 0,-60.8484 -26.7578  193.744,0 0 0,-119.706  98.0866  316.168
1.89,  1.01118 0.0361837  0.583754,  3.6193 -16.8119  5.13754, 1.41349 0.249793 0.355419,   1.43854 -0.0926234   0.290639, 0.73038  0.22313 0.116191,  0.743401 -0.0987036  0.0108718,0 0 0,-63.2109 -27.6284  189.705,0 0 0,-122.42 99.6008 312.938
1.9,  1.01137 0.0308293  0.575949, 3.41447 -15.3204  4.91261, 1.41101 0.245174 0.337622,   1.43854 -0.0926234   0.290639,0.728568 0.214908 0.102356,  0.743401 -0.0987036  0.0108718,0 0 0,-63.9984 -27.9187  188.359,0 0 0,-123.325  100.106  311.861
1.91,  1.01096 0.0257248  0.568831, 3.11265 -13.5775  4.52567, 1.40866 0.240813 0.319826,   1.43854 -0.0926234   0.290639, 0.726856  0.207145 0.0885209,  0.743401 -0.0987036  0.0108718,0 0 0,-63.2109 -27.6284  189.705,0 0 0,-122.42 99.6008 312.938
1.92,  1.01004 0.0209208  0.562435,  2.7335 -11.6507   4.0076, 1.40647 0.236746 0.302387,   1.43854 -0.0926234   0.290639,  0.72526  0.199907 0.0749633,  0.743401 -0.0987036  0.0108718,0 0 0,-60.8484 -26.7578  193.744,0 0 0,-119.706  98.0866  316.168
1.93, 1.00874 0.016473 0.556767, 2.30271 -9.62659  3.39889, 1.40447 0.233014 0.285663,   1.43854 -0.0926234   0.290639, 0.723796  0.193263 0.0619609,  0.743401 -0.0987036  0.0108718,0 0 0,-56.9107 -25.3066  200.477,0 0 0,-115.182  95.5629  321.551
1.94,   1.0072 0.0124373  0.551834, 1.84598 -7.59168  2.74001, 1.40266 0.229655 0.270009,   1.43854 -0.0926234   0.290639, 0.722478  0.187283 0.0497914,  0.743401 -0.0987036  0.0108718,0 0 0,-46.7806 -17.9379  213.492,0 0 0,-105.489  91.6435  322.158
1.95,   1.00554 0.00886947   0.547641, 1.38901 -5.63247  2.07145, 1.40107 0.226707 0.255784,   1.43854 -0.0926234   0.290639, 0.721321  0.182035 0.0387325,  0.743401 -0.0987036  0.0108718,0 0 0,-18.8946  8.99044  241.453,0 0 0,-82.3617  85.5571  299.633
1.96,   1.00389 0.00582521   0.544197,0.957493 -3.83549  1.43367, 1.39973 0.224208 0.243345,   1.43854 -0.0926234   0.290639,  0.72034  0.177587 0.0290616,  0.743401 -0.0987036  0.0108718,0 0 0, 20.601 48.9613 278.887,0 0 0,-50.5862  78.2331   261.06
1.97,   1.00238 0.00336036   0.541506,0.577138 -2.28723 0.867155, 1.39865 0.222197 0.233048,   1.43854 -0.0926234   0.290639, 0.719551  0.174008 0.0210566,  0.743401 -0.0987036  0.0108718,0 0 0,64.2679 93.9749 319.301,0 0 0,-15.8941  70.7169  215.422
1.98,   1.00114 0.00153068   0.539576,0.273638 -1.07422 0.412388, 1.39785 0.220713 0.225251,   1.43854 -0.0926234   0.290639,0.718969 0.171367 0.014995,  0.743401 -0.0987036  0.0108718,0 0 0,104.668 136.032 356.206,0 0 0,15.9825 64.0539 171.701
1.99,    1.00031 0.000391967    0.538413,0.0726926 -0.282975  0.109843, 1.39735 0.219795 0.220311,   1.43854 -0.0926234   0.290639, 0.718608  0.169732 0.0111545,  0.743401 -0.0987036  0.0108718,0 0 0,134.363 167.132 383.109,0 0 0,39.3119 59.2895 138.881
2,          1 8.67362e-18    0.538024,-7.95139e-16            0            0, 1.39719  0.21948 0.218585,   1.43854 -0.0926234   0.290639,  0.718485   0.169172 0.00981257,  0.743401 -0.0987036  0.0108718,0 0 0,145.914 179.277 393.519,0 0 0,48.3621 57.4691 125.945
